0	40.5836216	-3.5666534
1	40.5837624	-3.5660866
2	40.5838863	-3.5655316
3	40.5839877	-3.5650369
4	40.5844619	-3.5594028
5	40.5844985	-3.5592718
6	40.5435474	-3.5637867
7	40.5436605	-3.5645605
8	40.555708	-3.4913562
9	40.5556041	-3.4918659
10	40.5555376	-3.4922285
11	40.5554985	-3.4924946
12	40.5554855	-3.4928465
13	40.5554998	-3.4931087
14	40.5555375	-3.4934398
15	40.5556027	-3.4938795
16	40.555655	-3.4943228
17	40.5556746	-3.4947348
18	40.5556793	-3.4951351
19	40.543473	-3.5630379
20	40.5556681	-3.4955072
21	40.5556355	-3.4958334
22	40.5556437	-3.496047
23	40.567756	-3.518433
24	40.5675381	-3.5191952
25	40.5680204	-3.5191942
26	40.5684367	-3.5195644
27	40.5660959	-3.5178843
28	40.5664492	-3.5180813
29	40.5718132	-3.5246192
30	40.5720702	-3.5252725
31	40.5723278	-3.5260441
32	40.572826	-3.5276964
33	40.5733312	-3.5293394
34	40.5736077	-3.5300952
35	40.5739082	-3.5308464
36	40.5741066	-3.5312875
37	40.5434472	-3.5622151
38	40.5746597	-3.5324671
39	40.5753968	-3.533962
40	40.5758067	-3.534868
41	40.5767376	-3.5373609
42	40.5770051	-3.5381665
43	40.5772659	-3.5389244
44	40.5777263	-3.5401048
45	40.5787759	-3.5423734
46	40.5792419	-3.5432141
47	40.5797363	-3.5440386
48	40.5801664	-3.544692
49	40.5818392	-3.5469725
50	40.5822785	-3.5475764
51	40.5833346	-3.5494287
52	40.5835852	-3.5500573
53	40.5842146	-3.5523813
54	40.5843401	-3.5532726
55	40.5606609	-3.5132959
56	40.5606805	-3.5134011
57	40.5434508	-3.5614842
58	40.5606797	-3.5135169
59	40.5606314	-3.5136668
60	40.5605099	-3.5137962
61	40.5603959	-3.5138272
62	40.5602216	-3.5139212
63	40.5602839	-3.5137976
64	40.5601844	-3.5137064
65	40.5601305	-3.5135982
66	40.5601133	-3.5135279
67	40.5601085	-3.5134033
68	40.560054	-3.5132601
69	40.5601448	-3.5132577
70	40.5434917	-3.5607215
71	40.5601996	-3.5131672
72	40.5603016	-3.5130871
73	40.5603802	-3.5130669
74	40.5604637	-3.5130771
75	40.5605867	-3.5129314
76	40.5605818	-3.5131559
77	40.5608259	-3.5127005
78	40.5606723	-3.5131376
79	40.5607203	-3.5127157
80	40.561016	-3.5121729
81	40.5579815	-3.5125705
82	40.5582138	-3.5126701
83	40.5577076	-3.5123988
84	40.5441476	-3.5545213
85	40.5440717	-3.5555095
86	40.5592297	-3.5125726
87	40.5594106	-3.5125849
88	40.5584629	-3.5126937
89	40.5597462	-3.5127929
90	40.5598869	-3.5128984
91	40.5600314	-3.5130065
92	40.5601626	-3.5130634
93	40.5568572	-3.5100659
94	40.5570339	-3.5108727
95	40.5544796	-3.4996278
96	40.5546196	-3.5002406
97	40.5546632	-3.5004112
98	40.5548408	-3.5009052
99	40.5550965	-3.50144
100	40.5555921	-3.5023669
101	40.5557973	-3.5027816
102	40.5562899	-3.5041093
103	40.5564097	-3.5045381
104	40.5442131	-3.5533016
105	40.5565181	-3.5049848
106	40.5565883	-3.5053911
107	40.5567376	-3.5076649
108	40.5567033	-3.5090275
109	40.5595483	-3.5151519
110	40.5596256	-3.5149944
111	40.5592267	-3.5158197
112	40.5599619	-3.5142011
113	40.5600543	-3.5139153
114	40.5600459	-3.5142166
115	40.5666927	-3.5177991
116	40.5670018	-3.517762
117	40.5672744	-3.5176631
118	40.5678401	-3.5172155
119	40.5679402	-3.517091
120	40.5682205	-3.5165846
121	40.56831	-3.5163261
122	40.5442411	-3.5500686
123	40.5442637	-3.5517747
124	40.559939	-3.5131036
125	40.5598189	-3.5129859
126	40.5596231	-3.512811
127	40.5594518	-3.5127137
128	40.5592849	-3.5126756
129	40.5591268	-3.5127012
130	40.5589998	-3.512767
131	40.5588709	-3.5128834
132	40.5587645	-3.5130436
133	40.5586856	-3.5132773
134	40.5586475	-3.5135399
135	40.5586455	-3.5137701
136	40.5587491	-3.514381
137	40.5588983	-3.5147008
138	40.5590715	-3.5149789
139	40.5593156	-3.5152329
140	40.5442081	-3.5492117
141	40.5586923	-3.5172144
142	40.5587268	-3.517336
143	40.5587289	-3.5173958
144	40.5588021	-3.5176166
145	40.558713	-3.5175233
146	40.5586696	-3.5176424
147	40.5585768	-3.5177567
148	40.5584947	-3.5177812
149	40.5583981	-3.5177857
150	40.5582936	-3.5178655
151	40.5583188	-3.5177499
152	40.5582565	-3.5176986
153	40.5581818	-3.5175721
154	40.5440438	-3.5468541
155	40.5581537	-3.5174326
156	40.5581658	-3.5172943
157	40.5582103	-3.5171789
158	40.5582913	-3.5170817
159	40.5583888	-3.5170322
160	40.5584924	-3.5170313
161	40.5586178	-3.5169326
162	40.558606	-3.5170924
163	40.5588213	-3.5167917
164	40.5587355	-3.5170728
165	40.5591019	-3.5160617
166	40.584549	-3.5591653
167	40.5438489	-3.5451963
168	40.5588735	-3.5178783
169	40.5587107	-3.5177885
170	40.5580897	-3.517928
171	40.5581448	-3.517757
172	40.5581888	-3.5180067
173	40.5579292	-3.5184367
174	40.5601894	-3.5165719
175	40.5600424	-3.5162831
176	40.5603054	-3.5171636
177	40.5602807	-3.5168723
178	40.5602768	-3.5175522
179	40.5601541	-3.5179557
180	40.560055	-3.5181118
181	40.5603302	-3.5178061
182	40.5601751	-3.5180997
183	40.5436151	-3.5436414
184	40.5596351	-3.518431
185	40.5594734	-3.5183795
186	40.5592961	-3.518237
187	40.5589127	-3.5177529
188	40.5593482	-3.5181426
189	40.5594888	-3.5182766
190	40.5596509	-3.5183315
191	40.5598033	-3.5183178
192	40.5599651	-3.51822
193	40.5558543	-3.4883944
194	40.555876	-3.4888744
195	40.5878792	-3.5456436
196	40.5879302	-3.5453552
197	40.5881347	-3.5442005
198	40.5882027	-3.5438252
199	40.5413514	-3.5353084
200	40.5416397	-3.5359282
201	40.5526941	-3.4416279
202	40.5554323	-3.44029
203	40.5638977	-3.436141
204	40.5646113	-3.4357881
205	40.5210309	-3.4795237
206	40.5212912	-3.47921
207	40.5206211	-3.4800897
208	40.5297719	-3.4760043
209	40.5310321	-3.4758815
210	40.5313328	-3.4758289
211	40.5328928	-3.4751842
212	40.533813	-3.4745159
213	40.5368491	-3.4740704
214	40.5373152	-3.4740334
215	40.5374952	-3.4739974
216	40.5373241	-3.4741385
217	40.5422749	-3.5379932
218	40.5386458	-3.4712341
219	40.539422	-3.471483
220	40.5409413	-3.4719843
221	40.5393197	-3.4712964
222	40.5393191	-3.4714826
223	40.5396263	-3.4713166
224	40.5401182	-3.471469
225	40.5386249	-3.4710411
226	40.5386688	-3.4709844
227	40.5385732	-3.4711397
228	40.5392901	-3.4716041
229	40.5391164	-3.4709246
230	40.5392432	-3.4710671
231	40.5347167	-3.4781237
232	40.5348119	-3.4780486
233	40.5366945	-3.4766298
234	40.5367295	-3.4766039
235	40.5399959	-3.5321814
236	40.5408088	-3.5339563
237	40.5413419	-3.4888379
238	40.5419639	-3.4893691
239	40.5669404	-3.5018685
240	40.5670186	-3.5018918
241	40.5751815	-3.4244264
242	40.577299	-3.4220822
243	40.5777519	-3.4215846
244	40.5883456	-3.5598352
245	40.5872439	-3.5598455
246	40.5855286	-3.5596505
247	40.5856873	-3.559684
248	40.5895815	-3.55977
249	40.5898064	-3.5598279
250	40.5889359	-3.5596972
251	40.5891567	-3.5596738
252	40.5892484	-3.5597225
253	40.587464	-3.5597102
254	40.5883448	-3.5596999
255	40.5390995	-3.5304605
256	40.587025	-3.5597127
257	40.5862443	-3.5597182
258	40.5865154	-3.5597162
259	40.5859986	-3.5597141
260	40.5859062	-3.5597078
261	40.553342	-3.4958706
262	40.5535287	-3.4958684
263	40.5532259	-3.4960036
264	40.5531314	-3.4961234
265	40.5531981	-3.4958561
266	40.5551996	-3.4960825
267	40.5552828	-3.4960772
268	40.5550763	-3.4960782
269	40.5380922	-3.5287355
270	40.555226	-3.4963251
271	40.555051	-3.4962129
272	40.5531226	-3.4959227
273	40.55314	-3.496022
274	40.5530446	-3.4962859
275	40.552976	-3.4963305
276	40.5527129	-3.4961989
277	40.5526852	-3.4961118
278	40.5528033	-3.4957697
279	40.5528732	-3.4957395
280	40.5553142	-3.4963617
281	40.5553124	-3.496275
282	40.5555112	-3.4960141
283	40.5555793	-3.4960173
284	40.5556946	-3.4960957
285	40.5557334	-3.4961609
286	40.5557632	-3.496333
287	40.555748	-3.49642
288	40.5556271	-3.4965841
289	40.5555635	-3.4966065
290	40.5369982	-3.5270975
291	40.5554977	-3.4966039
292	40.5554315	-3.496574
293	40.5185055	-3.4971164
294	40.5177904	-3.4978412
295	40.5186439	-3.4969864
296	40.5173759	-3.498191
297	40.5197562	-3.4964089
298	40.5199279	-3.4962595
299	40.517932	-3.5460179
300	40.5182006	-3.5459978
301	40.5435452	-3.5388047
302	40.5434521	-3.5386992
303	40.543153	-3.538273
304	40.5432816	-3.5383915
305	40.5425515	-3.5377871
306	40.542749	-3.5379684
307	40.5423251	-3.5375056
308	40.5424583	-3.5376863
309	40.5357211	-3.5254164
310	40.5421638	-3.5431171
311	40.5419606	-3.5433529
312	40.5426757	-3.5429697
313	40.5425346	-3.5429443
314	40.542934	-3.5431307
315	40.5427968	-3.5430238
316	40.5430859	-3.5433902
317	40.540986	-3.5450843
318	40.5406178	-3.5458362
319	40.5402898	-3.546312
320	40.5405194	-3.546444
321	40.5405358	-3.546768
322	40.5406157	-3.5471024
323	40.5407322	-3.5473752
324	40.5630499	-3.5081981
325	40.5631878	-3.5081051
326	40.5346409	-3.5240442
327	40.5409335	-3.4884928
328	40.5411056	-3.4886424
329	40.5169148	-3.50175
330	40.5175206	-3.5022403
331	40.5473694	-3.5484973
332	40.5474298	-3.5483296
333	40.5715297	-3.557316
334	40.5723895	-3.5575896
335	40.5751455	-3.5583638
336	40.5764478	-3.558641
337	40.562921	-3.5548557
338	40.5628602	-3.5547842
339	40.5651878	-3.5077102
340	40.5655098	-3.5078615
341	40.5643761	-3.5081215
342	40.5646509	-3.5078603
343	40.557855	-3.4811663
344	40.5604052	-3.4810977
345	40.5175778	-3.4087315
346	40.5181034	-3.4092133
347	40.5846402	-3.5590465
348	40.5847428	-3.558975
349	40.5307	-3.5191259
350	40.521242	-3.4174743
351	40.5210987	-3.4171864
352	40.5194189	-3.4136626
353	40.5192491	-3.4128064
354	40.5211263	-3.4196776
355	40.521268	-3.4193504
356	40.5210277	-3.4198741
357	40.5213614	-3.4190393
358	40.5214118	-3.4186514
359	40.521425	-3.4183157
360	40.5213904	-3.4180152
361	40.5213222	-3.4177269
362	40.5201405	-3.4183097
363	40.5202611	-3.417905
364	40.5203332	-3.4167226
365	40.520242	-3.4161658
366	40.5197423	-3.4148633
367	40.5296972	-3.5178653
368	40.5192123	-3.4123019
369	40.5193071	-3.411703
370	40.5191575	-3.4101933
371	40.5167833	-3.4238233
372	40.5170742	-3.4234378
373	40.5373215	-3.434828
374	40.5372267	-3.4346077
375	40.5377834	-3.4373784
376	40.5375399	-3.4359437
377	40.5378182	-3.4373282
378	40.5355735	-3.4320127
379	40.5350704	-3.4312331
380	40.5523011	-3.5276247
381	40.552588	-3.5267493
382	40.5374539	-3.5453785
383	40.5375365	-3.5453945
384	40.5285995	-3.5164692
385	40.5341503	-3.5450809
386	40.5342173	-3.5450845
387	40.5372312	-3.5453419
388	40.523216	-3.4811275
389	40.5235161	-3.4811372
390	40.5289307	-3.4813115
391	40.5297836	-3.4813506
392	40.5375143	-3.4855757
393	40.5382452	-3.4862078
394	40.5418579	-3.5433678
395	40.542157	-3.5427177
396	40.5421679	-3.5428433
397	40.5400295	-3.5467597
398	40.5435122	-3.5450836
399	40.5433694	-3.5443283
400	40.5432016	-3.543724
401	40.5274276	-3.5149218
402	40.5424097	-3.542959
403	40.5422771	-3.5430233
404	40.5401218	-3.5465017
405	40.5415904	-3.5438148
406	40.5426582	-3.5420382
407	40.5406022	-3.5455604
408	40.5402333	-3.5462774
409	40.542325	-3.5422005
410	40.5423836	-3.5419287
411	40.5424451	-3.5408868
412	40.5423824	-3.5404216
413	40.541837	-3.5381321
414	40.5412588	-3.5360727
415	40.5413485	-3.5360096
416	40.5408302	-3.5346641
417	40.5260991	-3.5130152
418	40.5409836	-3.5352756
419	40.5400563	-3.5471836
420	40.5403317	-3.5474388
421	40.5409233	-3.5480986
422	40.5408192	-3.5479406
423	40.5410549	-3.5484763
424	40.5410018	-3.5482819
425	40.5410479	-3.5488082
426	40.5410654	-3.5486404
427	40.5409245	-3.5490557
428	40.5409897	-3.5489495
429	40.5407015	-3.5492063
430	40.5408214	-3.5491578
431	40.5405644	-3.5491974
432	40.5403627	-3.5491001
433	40.540465	-3.5491654
434	40.5401617	-3.5489118
435	40.5238817	-3.509562
436	40.5253026	-3.5117764
437	40.5400267	-3.5487008
438	40.5399065	-3.5483924
439	40.5398392	-3.548159
440	40.5398188	-3.5478992
441	40.5398188	-3.5476226
442	40.5398514	-3.5473544
443	40.5399583	-3.5469434
444	40.5428128	-3.5495164
445	40.5430233	-3.5495778
446	40.5427283	-3.549467
447	40.5405448	-3.5461427
448	40.5409651	-3.5476959
449	40.5420172	-3.548815
450	40.5403586	-3.5491526
451	40.5402503	-3.5490414
452	40.5216959	-3.5064794
453	40.5223553	-3.5073428
454	40.5405046	-3.5492557
455	40.5407931	-3.5493714
456	40.5406516	-3.5493302
457	40.5410051	-3.5493982
458	40.5411926	-3.5493768
459	40.5181863	-3.5033437
460	40.5172999	-3.5026155
461	40.5192352	-3.5043116
462	40.520545	-3.5056435
463	40.5214714	-3.5067042
464	40.5222166	-3.5076285
465	40.5224812	-3.5080715
466	40.5207574	-3.5052976
467	40.5222065	-3.5077697
468	40.521335	-3.5067485
469	40.5203129	-3.5056715
470	40.5215839	-3.5065428
471	40.5223166	-3.5074721
472	40.517701	-3.5049633
473	40.5178046	-3.5048814
474	40.5178846	-3.5047868
475	40.5179754	-3.5046458
476	40.5180425	-3.5044922
477	40.5180804	-3.5043128
478	40.5180968	-3.5041391
479	40.5180454	-3.5038188
480	40.5179174	-3.5035353
481	40.5177809	-3.5033699
482	40.5174001	-3.505135
483	40.517241	-3.5050887
484	40.5194313	-3.5039346
485	40.5201203	-3.5046187
486	40.517461	-3.5050494
487	40.5175873	-3.5050243
488	40.5169986	-3.5000932
489	40.5173792	-3.4994591
490	40.5170624	-3.5001961
491	40.5166074	-3.5011808
492	40.5189491	-3.497835
493	40.5185659	-3.4983362
494	40.5220735	-3.5076186
495	40.5225575	-3.5077163
496	40.5206671	-3.5054872
497	40.5183033	-3.5031816
498	40.5193507	-3.5041311
499	40.5183698	-3.5029491
500	40.5186764	-3.5032338
501	40.520323	-3.4185661
502	40.5202001	-3.4189246
503	40.5198874	-3.4194035
504	40.5205103	-3.4177174
505	40.5208415	-3.4169918
506	40.5209574	-3.4171837
507	40.5209579	-3.4167239
508	40.5215905	-3.4150724
509	40.5210744	-3.4169163
510	40.5220441	-3.4136867
511	40.5221314	-3.4134106
512	40.5222813	-3.4135584
513	40.5217392	-3.4151953
514	40.5223194	-3.4127564
515	40.5225864	-3.4117916
516	40.5849605	-3.5589383
517	40.5850724	-3.5589737
518	40.5852183	-3.5599744
519	40.5851553	-3.5600358
520	40.5224845	-3.4128703
521	40.5203312	-3.4174572
522	40.520351	-3.417091
523	40.5201064	-3.4157444
524	40.5198828	-3.4152339
525	40.5193637	-3.4114066
526	40.5193279	-3.4118746
527	40.5205236	-3.4162298
528	40.5203753	-3.4160416
529	40.5197149	-3.4142248
530	40.5198323	-3.4148221
531	40.5196025	-3.4135878
532	40.520439	-3.4157048
533	40.520632	-3.4157423
534	40.5208228	-3.4157053
535	40.5209986	-3.4156114
536	40.5211672	-3.4154364
537	40.5215017	-3.4148911
538	40.5851877	-3.5601131
539	40.5217101	-3.4144639
540	40.5219436	-3.4138723
541	40.5201466	-3.4191241
542	40.5201316	-3.419244
543	40.5201244	-3.4194407
544	40.5201659	-3.4196079
545	40.5202466	-3.4197621
546	40.5203455	-3.4198872
547	40.5204835	-3.4199715
548	40.520598	-3.4200044
549	40.5207093	-3.420008
550	40.520865	-3.4199366
551	40.5209851	-3.4198303
552	40.5185174	-3.4217579
553	40.5178171	-3.4227631
554	40.5189467	-3.4212698
555	40.5855699	-3.5598231
556	40.5854796	-3.5598103
557	40.5195346	-3.4208085
558	40.5191885	-3.4210402
559	40.5199027	-3.4206646
560	40.5205808	-3.4203432
561	40.5202984	-3.4205024
562	40.5209099	-3.4200349
563	40.5208209	-3.4167142
564	40.5190851	-3.4105416
565	40.5189727	-3.4103315
566	40.5191937	-3.4115401
567	40.5191836	-3.4109842
568	40.5196695	-3.4106743
569	40.5198207	-3.4107696
570	40.5213393	-3.4122519
571	40.5858655	-3.5598543
572	40.5855681	-3.5598915
573	40.5204248	-3.4111731
574	40.5205518	-3.4111564
575	40.5206755	-3.411085
576	40.5207471	-3.4110026
577	40.5208116	-3.4108939
578	40.5208527	-3.4107287
579	40.52086	-3.4105641
580	40.5208284	-3.4104024
581	40.520622	-3.410074
582	40.5204811	-3.4100254
583	40.5207044	-3.4101078
584	40.5203422	-3.4100253
585	40.5201919	-3.4100722
586	40.5200404	-3.4101457
587	40.519675	-3.410466
588	40.5195624	-3.4106496
589	40.5194716	-3.4108657
590	40.5194225	-3.411068
591	40.5210923	-3.411864
592	40.5211996	-3.412023
593	40.5209647	-3.4115242
594	40.5210217	-3.411708
595	40.5209207	-3.4112069
596	40.5209207	-3.4110105
597	40.5209127	-3.4105987
598	40.52086	-3.4103346
599	40.5215374	-3.4124153
600	40.5203263	-3.4115905
601	40.5200786	-3.4114627
602	40.5199565	-3.4114246
603	40.5861706	-3.5598599
604	40.5198039	-3.4114077
605	40.5196497	-3.4114522
606	40.5195149	-3.4115762
607	40.5194341	-3.4117416
608	40.5193933	-3.4119724
609	40.5193948	-3.4123805
610	40.5198978	-3.4102427
611	40.5197789	-3.4103426
612	40.5231185	-3.4093704
613	40.5235725	-3.4071441
614	40.523283	-3.4094229
615	40.5230345	-3.4106938
616	40.5169098	-3.4984193
617	40.518569	-3.504854
618	40.5181691	-3.504993
619	40.5187984	-3.4971548
620	40.5187284	-3.4970872
621	40.5866678	-3.5598496
622	40.518632	-3.4970723
623	40.5191228	-3.4969756
624	40.5191872	-3.496987
625	40.5415608	-3.4629791
626	40.5415652	-3.4628942
627	40.5415891	-3.4628152
628	40.541622	-3.46276
629	40.5416644	-3.4627175
630	40.5417137	-3.4626907
631	40.5417665	-3.4626812
632	40.5418202	-3.46269
633	40.5418824	-3.4627263
634	40.5419324	-3.4627872
635	40.5419715	-3.4628985
636	40.5419751	-3.4629802
637	40.5419602	-3.4630596
638	40.5419281	-3.4631296
639	40.5417972	-3.463226
640	40.5417035	-3.4633435
641	40.5417282	-3.4632236
642	40.5429957	-3.4585375
643	40.5429822	-3.4584641
644	40.5431931	-3.4582207
645	40.543244	-3.4582459
646	40.5433173	-3.4583507
647	40.5433326	-3.4584257
648	40.5433282	-3.4585032
649	40.5433045	-3.4585743
650	40.5414851	-3.4532719
651	40.5415202	-3.453259
652	40.541405	-3.4533797
653	40.5414272	-3.4533292
654	40.5413952	-3.4534366
655	40.5414191	-3.4535571
656	40.5413996	-3.4534995
657	40.5414737	-3.453622
658	40.5414517	-3.4536034
659	40.5886416	-3.5598306
660	40.5414978	-3.4536351
661	40.5416597	-3.4535664
662	40.5416561	-3.4536717
663	40.5416326	-3.4536028
664	40.5416887	-3.4534625
665	40.54168	-3.4535172
666	40.5189088	-3.4975625
667	40.5188626	-3.4974562
668	40.5188487	-3.4972876
669	40.5188717	-3.4971833
670	40.5193481	-3.4971399
671	40.5193774	-3.49722
672	40.5193825	-3.4974257
673	40.5193515	-3.4975214
674	40.5193008	-3.4976013
675	40.5192349	-3.4976587
676	40.5899968	-3.5599903
677	40.589538	-3.5598752
678	40.5190662	-3.497686
679	40.5189794	-3.4976422
680	40.530709	-3.4816494
681	40.5306819	-3.4817352
682	40.5306378	-3.4818077
683	40.5305152	-3.4818909
684	40.5304302	-3.4819009
685	40.5303208	-3.4818368
686	40.5302722	-3.4817776
687	40.53022	-3.4816355
688	40.5302132	-3.4815953
689	40.5302223	-3.481485
690	40.5302444	-3.4814105
691	40.5303402	-3.4812805
692	40.5304133	-3.4812435
693	40.5304915	-3.481238
694	40.5306757	-3.4813852
695	40.5307062	-3.4814709
696	40.5851278	-3.5590048
697	40.5199213	-3.4188826
698	40.5376456	-3.4740773
699	40.5376924	-3.4739131
700	40.5379597	-3.4737283
701	40.5380472	-3.4737482
702	40.538142	-3.4738148
703	40.5382205	-3.4739352
704	40.5382417	-3.4739961
705	40.5382593	-3.474104
706	40.5382486	-3.4742449
707	40.538198	-3.4743791
708	40.5381195	-3.4744754
709	40.5380203	-3.4745306
710	40.5379134	-3.4745378
711	40.537811	-3.4744965
712	40.5377093	-3.4743869
713	40.5316247	-3.4803545
714	40.5316915	-3.4802712
715	40.5360421	-3.4847169
716	40.5364569	-3.4848463
717	40.5203179	-3.418139
718	40.5333699	-3.4837062
719	40.5334811	-3.4837847
720	40.5336802	-3.4788643
721	40.5337722	-3.4788034
722	40.5306281	-3.4813145
723	40.5287257	-3.4813087
724	40.5239072	-3.4811532
725	40.531781	-3.4801663
726	40.5315272	-3.4804774
727	40.5315777	-3.4804217
728	40.5341479	-3.4785431
729	40.5344417	-3.4783393
730	40.5410803	-3.4519156
731	40.5401583	-3.4473349
732	40.5899871	-3.5600939
733	40.589562	-3.5599618
734	40.5177542	-3.422522
735	40.5213647	-3.4122012
736	40.5201323	-3.411032
737	40.5202923	-3.4111471
738	40.516887	-3.4081121
739	40.5251768	-3.4195641
740	40.5247602	-3.4177637
741	40.5245733	-3.4170655
742	40.5243326	-3.4163554
743	40.5239609	-3.4155292
744	40.5236335	-3.4149816
745	40.5232985	-3.4144692
746	40.5237707	-3.4045014
747	40.5226825	-3.4137355
748	40.5218854	-3.412953
749	40.5215442	-3.4126396
750	40.5212737	-3.412391
751	40.520919	-3.4120594
752	40.520635	-3.4118488
753	40.5196707	-3.4108719
754	40.5185929	-3.4098926
755	40.5183864	-3.4096961
756	40.5181087	-3.4094346
757	40.5425855	-3.5494718
758	40.5423681	-3.5493789
759	40.5227613	-3.4110643
760	40.5421766	-3.5493057
761	40.5419673	-3.5492626
762	40.5417307	-3.5492661
763	40.5415472	-3.5492948
764	40.5441071	-3.5497942
765	40.544962	-3.5498286
766	40.5454919	-3.5498661
767	40.5218382	-3.4143527
768	40.5744463	-3.5582063
769	40.5747036	-3.5582622
770	40.5648509	-3.5551059
771	40.5655477	-3.555417
772	40.566257	-3.5556626
773	40.5674507	-3.5560339
774	40.5685021	-3.5563719
775	40.5698061	-3.5567796
776	40.5708126	-3.5570961
777	40.5733756	-3.55789
778	40.5743141	-3.5581717
779	40.523668	-3.407162
780	40.5644321	-3.5549678
781	40.5645956	-3.5550182
782	40.5648355	-3.5552199
783	40.5646769	-3.5551629
784	40.564427	-3.5550845
785	40.5636649	-3.554886
786	40.5634489	-3.5548298
787	40.5633606	-3.5548134
788	40.5632691	-3.5548103
789	40.5632195	-3.5548616
790	40.5628178	-3.5546926
791	40.5627976	-3.5545901
792	40.5627127	-3.5546338
793	40.5628004	-3.5544843
794	40.5628262	-3.5543841
795	40.5628681	-3.5543042
796	40.5227468	-3.4118963
797	40.5629245	-3.5542417
798	40.5629886	-3.554202
799	40.5630583	-3.554185
800	40.563264	-3.5542836
801	40.5633152	-3.5543691
802	40.563345	-3.5544706
803	40.5633497	-3.5545931
804	40.5634866	-3.5546298
805	40.5633235	-3.5547107
806	40.5631623	-3.5548969
807	40.5631071	-3.5549133
808	40.5630505	-3.5549147
809	40.5636942	-3.5547754
810	40.5212234	-3.4165304
811	40.5746386	-3.5583633
812	40.5743983	-3.5583086
813	40.5742802	-3.5582816
814	40.5733715	-3.5579973
815	40.5731595	-3.5579402
816	40.5723895	-3.5577023
817	40.5715175	-3.5574287
818	40.5708085	-3.5572195
819	40.5697979	-3.5568922
820	40.5685021	-3.5564792
821	40.5674426	-3.5561466
822	40.5188912	-3.4211316
823	40.5662649	-3.5557711
824	40.5655477	-3.555519
825	40.5781346	-3.5589415
826	40.5789984	-3.559038
827	40.5798377	-3.5591024
828	40.580787	-3.5591399
829	40.5819889	-3.5593009
830	40.5826853	-3.5594347
831	40.5830006	-3.5594953
832	40.5835158	-3.559557
833	40.5839749	-3.5595363
834	40.5841281	-3.5595237
835	40.5852739	-3.5591741
836	40.5853315	-3.5593091
837	40.523882	-3.40451
838	40.5842919	-3.5595015
839	40.5843504	-3.5594765
840	40.5845149	-3.5598471
841	40.5843025	-3.559756
842	40.5844729	-3.5597058
843	40.5839567	-3.5596978
844	40.5835044	-3.5596764
845	40.5830726	-3.5596281
846	40.5826693	-3.5595476
847	40.5819644	-3.5594082
848	40.5812963	-3.5592848
849	40.5807666	-3.5592419
850	40.5798458	-3.5592204
851	40.5790025	-3.5591453
852	40.5781346	-3.5590487
853	40.5772586	-3.55892
854	40.576456	-3.5587644
855	40.5751277	-3.5584747
856	40.5624964	-3.5543965
857	40.5626236	-3.5544144
858	40.5468319	-3.5502282
859	40.5469279	-3.5502883
860	40.5468356	-3.5503918
861	40.5171608	-3.4236533
862	40.5169	-3.4239833
863	40.547007	-3.5503269
864	40.547098	-3.5503328
865	40.547261	-3.5503221
866	40.5484391	-3.5502577
867	40.5491606	-3.5503275
868	40.5497475	-3.5504884
869	40.5511945	-3.5509551
870	40.5525029	-3.5513843
871	40.5536238	-3.551749
872	40.5547569	-3.5521138
873	40.5556006	-3.5523659
874	40.5563423	-3.5525483
875	40.5570678	-3.5527039
876	40.5184174	-3.4215442
877	40.5191073	-3.4203889
878	40.5576017	-3.5528648
879	40.5589426	-3.5532886
880	40.5600919	-3.5536488
881	40.5616854	-3.5541644
882	40.5622127	-3.5543387
883	40.5626024	-3.5545868
884	40.562476	-3.5545391
885	40.5616782	-3.5542811
886	40.5600787	-3.5537581
887	40.5589304	-3.5533906
888	40.5576058	-3.5529614
889	40.5570597	-3.5528058
890	40.5563423	-3.5526503
891	40.5204179	-3.4806085
892	40.5203944	-3.480749
893	40.5555924	-3.5524679
894	40.5547406	-3.5522104
895	40.5536156	-3.5518402
896	40.5524866	-3.5514647
897	40.5511741	-3.5510517
898	40.5497394	-3.550585
899	40.5491606	-3.5504348
900	40.5484431	-3.5503543
901	40.5478929	-3.5503704
902	40.5476783	-3.5503876
903	40.5204756	-3.4807203
904	40.5472896	-3.5504187
905	40.5471567	-3.5504306
906	40.5471102	-3.5504348
907	40.5469994	-3.5504624
908	40.5469594	-3.5504723
909	40.546888	-3.5504923
910	40.5467922	-3.5505438
911	40.5466915	-3.5506587
912	40.5464045	-3.5500437
913	40.5464788	-3.5500024
914	40.5465121	-3.5499935
915	40.5465617	-3.5499841
916	40.5468007	-3.5501506
917	40.5468139	-3.5504678
918	40.5465906	-3.5506998
919	40.5464837	-3.5506821
920	40.5203425	-3.4808445
921	40.5202359	-3.4809246
922	40.5464177	-3.5506438
923	40.5463595	-3.5505788
924	40.5462997	-3.550465
925	40.5461401	-3.5502524
926	40.5462887	-3.5503703
927	40.5462972	-3.5502544
928	40.5463345	-3.5501494
929	40.5460244	-3.5501394
930	40.5459036	-3.5500646
931	40.54574	-3.5500109
932	40.5454836	-3.5499719
933	40.5449701	-3.5499305
934	40.54411	-3.5498876
935	40.5437421	-3.5498651
936	40.5201553	-3.4809358
937	40.5200828	-3.4809155
938	40.5459362	-3.5499198
939	40.5461781	-3.5499854
940	40.5462688	-3.5500079
941	40.5202999	-3.5458613
942	40.5202928	-3.5459257
943	40.5202767	-3.5459912
944	40.520246	-3.5460302
945	40.5201954	-3.5460716
946	40.5201246	-3.5460916
947	40.5200641	-3.5460821
948	40.5200032	-3.5460419
949	40.5199831	-3.5460114
950	40.5198147	-3.5459392
951	40.5200214	-3.4808711
952	40.5199603	-3.480882
953	40.5199536	-3.5459452
954	40.519941	-3.5458781
955	40.519945	-3.5458267
956	40.5199563	-3.5457576
957	40.5199786	-3.5457167
958	40.5200159	-3.5456629
959	40.5200583	-3.5456388
960	40.5201065	-3.5456242
961	40.5201498	-3.5456308
962	40.5202038	-3.5456534
963	40.5202619	-3.5457068
964	40.5204243	-3.5457783
965	40.519944	-3.4807441
966	40.5202884	-3.545787
967	40.519817	-3.545823
968	40.5199065	-3.5457947
969	40.5196607	-3.5459124
970	40.5205201	-3.5458574
971	40.5204135	-3.5458978
972	40.5283253	-3.5452765
973	40.5284411	-3.5452663
974	40.5292348	-3.5451927
975	40.5292277	-3.545253
976	40.5292123	-3.5453063
977	40.5291769	-3.5453502
978	40.5291384	-3.5453823
979	40.5290978	-3.5454024
980	40.5853537	-3.5594067
981	40.5199308	-3.4805255
982	40.5199633	-3.4804306
983	40.5290586	-3.5453948
984	40.5290235	-3.5453829
985	40.5289915	-3.5453605
986	40.5289623	-3.5453201
987	40.5288394	-3.5452841
988	40.5289442	-3.5452708
989	40.5289329	-3.545201
990	40.5289344	-3.5451327
991	40.528959	-3.5450674
992	40.5289854	-3.5450403
993	40.5290318	-3.5450106
994	40.5290698	-3.545
995	40.5200101	-3.4803613
996	40.5200971	-3.4802987
997	40.5291459	-3.5450154
998	40.5291946	-3.5450617
999	40.5292254	-3.5451204
1000	40.5293652	-3.5451945
1001	40.5287252	-3.5452452
1002	40.5287742	-3.5452199
1003	40.52566	-3.4196589
1004	40.5257482	-3.419968
1005	40.5259544	-3.4203408
1006	40.5260167	-3.4204152
1007	40.5199238	-3.4806468
1008	40.5201906	-3.4802854
1009	40.5203698	-3.4802096
1010	40.5207553	-3.480941
1011	40.5210698	-3.4810595
1012	40.5204605	-3.4803809
1013	40.5205347	-3.4808112
1014	40.520627	-3.480884
1015	40.5205834	-3.4800091
1016	40.5206026	-3.4809815
1017	40.5204794	-3.4809648
1018	40.5226635	-3.4811164
1019	40.5228009	-3.4811176
1020	40.5204036	-3.4805009
1021	40.5203587	-3.4809534
1022	40.5202875	-3.4803232
1023	40.520749	-3.4810072
1024	40.5349886	-3.4779176
1025	40.5336259	-3.4838775
1026	40.5337842	-3.4839774
1027	40.5338578	-3.4787471
1028	40.5339368	-3.4786959
1029	40.5331622	-3.4791754
1030	40.5320954	-3.4827656
1031	40.5329583	-3.4833895
1032	40.5313361	-3.48069
1033	40.531377	-3.4806441
1034	40.5312042	-3.4821085
1035	40.5313173	-3.4821909
1036	40.5328035	-3.4793721
1037	40.5330878	-3.4792164
1038	40.5203604	-3.4804014
1039	40.5321623	-3.4797709
1040	40.5325013	-3.4795459
1041	40.5301895	-3.4813383
1042	40.5302973	-3.4813183
1043	40.5339681	-3.4840544
1044	40.5300699	-3.4814516
1045	40.5367121	-3.4849575
1046	40.5368445	-3.4850428
1047	40.530429	-3.48875
1048	40.5302973	-3.4885322
1049	40.52559	-3.4924123
1050	40.5257589	-3.492193
1051	40.5274733	-3.4914544
1052	40.5276732	-3.4914864
1053	40.5305909	-3.4905748
1054	40.5306258	-3.4903984
1055	40.5292229	-3.4866989
1056	40.529206	-3.4866235
1057	40.526811	-3.4914966
1058	40.5270351	-3.4914528
1059	40.5306431	-3.4902202
1060	40.5306477	-3.4898039
1061	40.5297235	-3.4919737
1062	40.5298654	-3.4918913
1063	40.530532	-3.4907658
1064	40.530504	-3.4889094
1065	40.5250909	-3.4933012
1066	40.5254212	-3.4926738
1067	40.5294226	-3.4920494
1068	40.5295713	-3.4920274
1069	40.5306296	-3.4894838
1070	40.530601	-3.4892764
1071	40.5246564	-3.4938953
1072	40.524819	-3.4937223
1073	40.5261514	-3.491818
1074	40.5263545	-3.491685
1075	40.5301353	-3.4916241
1076	40.5302428	-3.4914584
1077	40.5309389	-3.4811276
1078	40.5311907	-3.4808593
1079	40.5307619	-3.4813745
1080	40.5307261	-3.4812377
1081	40.5340631	-3.4786064
1082	40.5416517	-3.4634131
1083	40.5415599	-3.4636307
1084	40.5431248	-3.4586746
1085	40.543071	-3.4586486
1086	40.5412092	-3.4646759
1087	40.5412447	-3.4645716
1088	40.5416018	-3.4633603
1089	40.521286	-3.4810659
1090	40.5432866	-3.4582902
1091	40.5412805	-3.4644635
1092	40.5416636	-3.4631917
1093	40.5416032	-3.4633082
1094	40.5416068	-3.463221
1095	40.5419814	-3.4623513
1096	40.5419464	-3.4626622
1097	40.5316784	-3.4824511
1098	40.5263055	-3.4812375
1099	40.526761	-3.4812464
1100	40.5283999	-3.4812999
1101	40.5372544	-3.4760931
1102	40.5372799	-3.4760423
1103	40.5368225	-3.4765266
1104	40.537124	-3.4762393
1105	40.5361394	-3.4770624
1106	40.5361997	-3.4770154
1107	40.5647541	-3.5173079
1108	40.5650918	-3.5174319
1109	40.5645295	-3.5171604
1110	40.5653905	-3.517388
1111	40.5654557	-3.5175742
1112	40.5658151	-3.5175332
1113	40.5660889	-3.5176576
1114	40.5663472	-3.5177539
1115	40.5220895	-3.4811065
1116	40.5665349	-3.5177902
1117	40.5674066	-3.5199223
1118	40.5674225	-3.5200136
1119	40.5674604	-3.5194635
1120	40.5674214	-3.5196193
1121	40.5675438	-3.5188241
1122	40.5678292	-3.5204426
1123	40.5676877	-3.5203876
1124	40.5678374	-3.5204069
1125	40.5679757	-3.5203819
1126	40.5681005	-3.5202995
1127	40.5680462	-3.520464
1128	40.5678939	-3.52046
1129	40.568138	-3.5167673
1130	40.5682034	-3.5201641
1131	40.5682613	-3.5200083
1132	40.5853666	-3.5594942
1133	40.5854477	-3.5595967
1134	40.5682794	-3.5198214
1135	40.5682732	-3.519717
1136	40.5683954	-3.5160395
1137	40.5684493	-3.515854
1138	40.5688065	-3.5199217
1139	40.568456	-3.5191697
1140	40.5685378	-3.5193154
1141	40.5687589	-3.5196112
1142	40.5688933	-3.5197612
1143	40.5690576	-3.5205639
1144	40.5689068	-3.5205114
1145	40.5691769	-3.5203212
1146	40.569623	-3.5208506
1147	40.5696271	-3.5209602
1148	40.5694954	-3.520836
1149	40.5699142	-3.5213019
1150	40.5697645	-3.521115
1151	40.5704212	-3.5220275
1152	40.5701774	-3.52167
1153	40.5230942	-3.4811236
1154	40.571471	-3.5238338
1155	40.5730572	-3.5285209
1156	40.5742991	-3.5317266
1157	40.5761676	-3.5357555
1158	40.5780675	-3.5409229
1159	40.5784068	-3.541647
1160	40.5243045	-3.4811638
1161	40.5245202	-3.4811721
1162	40.5805805	-3.5452946
1163	40.5812021	-3.546127
1164	40.5826893	-3.5481842
1165	40.5830132	-3.5487829
1166	40.5838039	-3.5506819
1167	40.5839268	-3.5511033
1168	40.5840434	-3.5515674
1169	40.5841102	-3.5643838
1170	40.5251494	-3.4812009
1171	40.5261606	-3.4812352
1172	40.5844402	-3.5560152
1173	40.584462	-3.5551957
1174	40.5844488	-3.5546982
1175	40.584468	-3.5571155
1176	40.5844511	-3.5567768
1177	40.5845744	-3.5586064
1178	40.5845064	-3.5576942
1179	40.5845846	-3.5589341
1180	40.5845871	-3.5587756
1181	40.5848461	-3.55894
1182	40.58523	-3.5589896
1183	40.5852178	-3.5590952
1184	40.5850647	-3.560097
1185	40.5853558	-3.5596327
1186	40.5853257	-3.5597737
1187	40.5853585	-3.5598314
1188	40.5852876	-3.5598659
1189	40.5855485	-3.5587277
1190	40.5855799	-3.5586232
1191	40.5856446	-3.5577862
1192	40.5856852	-3.5576571
1193	40.5856698	-3.5581429
1194	40.5856645	-3.5582884
1195	40.5525004	-3.4961754
1196	40.5523459	-3.4961665
1197	40.5525188	-3.4961083
1198	40.5526148	-3.4960357
1199	40.5526107	-3.4961916
1200	40.5526954	-3.4959257
1201	40.5273444	-3.481266
1202	40.5273891	-3.4812659
1203	40.5526792	-3.4960177
1204	40.5528352	-3.4956488
1205	40.5529361	-3.49536
1206	40.5529945	-3.4954661
1207	40.5529886	-3.4956099
1208	40.5537614	-3.4958606
1209	40.5541371	-3.4972078
1210	40.5541343	-3.4969554
1211	40.5542583	-3.494907
1212	40.5542368	-3.4947732
1213	40.5547156	-3.5005818
1214	40.5547767	-3.5007486
1215	40.5553359	-3.4925724
1216	40.5552181	-3.4929066
1217	40.5553296	-3.4961913
1218	40.5553431	-3.5018849
1219	40.5280307	-3.4812865
1220	40.5555239	-3.495916
1221	40.5555711	-3.4957964
1222	40.5556831	-3.4965385
1223	40.5557244	-3.4910024
1224	40.5556624	-3.4913266
1225	40.5557582	-3.496244
1226	40.5559899	-3.5032252
1227	40.555882	-3.4962778
1228	40.5560961	-3.4963415
1229	40.5561418	-3.5036514
1230	40.5566488	-3.5058375
1231	40.556698	-3.5063181
1232	40.5567333	-3.5068387
1233	40.5568384	-3.5107076
1234	40.5569746	-3.5114221
1235	40.5571395	-3.5119939
1236	40.5573329	-3.5125668
1237	40.55733	-3.5118975
1238	40.5574598	-3.5121327
1239	40.5583005	-3.5143449
1240	40.558596	-3.5147428
1241	40.5586701	-3.513997
1242	40.5595426	-3.5126444
1243	40.5195677	-3.4809233
1244	40.5594665	-3.515611
1245	40.5599168	-3.5159522
1246	40.5598163	-3.5160062
1247	40.5597835	-3.5146725
1248	40.560113	-3.5137182
1249	40.5193307	-3.4809515
1250	40.5606326	-3.5163566
1251	40.5610172	-3.5165236
1252	40.5606456	-3.5172936
1253	40.5604652	-3.5175521
1254	40.5610708	-3.5164048
1255	40.5616149	-3.5166219
1256	40.5610816	-3.5169396
1257	40.5608435	-3.5171005
1258	40.5614057	-3.5166421
1259	40.5618241	-3.5167361
1260	40.5620723	-3.5167372
1261	40.5189511	-3.481012
1262	40.5617893	-3.516833
1263	40.5613559	-3.5168465
1264	40.5624883	-3.51683
1265	40.526021	-3.4216614
1266	40.5262285	-3.4220193
1267	40.5265501	-3.4225062
1268	40.5269045	-3.4229252
1269	40.5271899	-3.4232165
1270	40.527428	-3.4234402
1271	40.5276862	-3.4236583
1272	40.5279798	-3.4238704
1273	40.528286	-3.4240748
1274	40.5291228	-3.4246295
1275	40.5295145	-3.4249029
1276	40.530061	-3.4253293
1277	40.5303355	-3.4255644
1278	40.5183439	-3.4810197
1279	40.5320699	-3.4277107
1280	40.5324896	-3.4284865
1281	40.5327427	-3.4290483
1282	40.5329569	-3.4295851
1283	40.533121	-3.4300469
1284	40.5332789	-3.4305507
1285	40.5334403	-3.4311618
1286	40.533557	-3.4317395
1287	40.5336393	-3.4322154
1288	40.5337055	-3.4327211
1289	40.5337153	-3.4655542
1290	40.5337632	-3.4659962
1291	40.5337689	-3.4465292
1292	40.5337133	-3.4591997
1293	40.5337694	-3.4333723
1294	40.533794	-3.4340251
1295	40.5337891	-3.4402624
1296	40.5338091	-3.4352819
1297	40.517501	-3.4809894
1298	40.5338097	-3.4663229
1299	40.5338741	-3.4666476
1300	40.5340412	-3.4672556
1301	40.5341332	-3.4675311
1302	40.5345542	-3.4684766
1303	40.5347142	-3.4687467
1304	40.5351987	-3.4694717
1305	40.5352087	-3.4694136
1306	40.5354965	-3.4697117
1307	40.5354822	-3.4697811
1308	40.5355893	-3.4698017
1309	40.5358784	-3.4700473
1310	40.536158	-3.4702425
1311	40.5361833	-3.4701917
1312	40.5365451	-3.4703898
1313	40.5364583	-3.4704185
1314	40.536773	-3.4705752
1315	40.5307169	-3.481557
1316	40.5308253	-3.4817577
1317	40.5367889	-3.4704748
1318	40.5369926	-3.4705141
1319	40.5372448	-3.4705779
1320	40.538397	-3.4708885
1321	40.5373175	-3.4711272
1322	40.5369442	-3.470933
1323	40.5373574	-3.4707916
1324	40.5379153	-3.4709852
1325	40.5376073	-3.4739512
1326	40.537518	-3.474197
1327	40.5377175	-3.4747062
1328	40.5377282	-3.4745492
1329	40.5377567	-3.4748656
1330	40.5375087	-3.4755472
1331	40.5379597	-3.4736492
1332	40.5380416	-3.4735369
1333	40.538208	-3.4731727
1334	40.5383478	-3.4728075
1335	40.5382233	-3.473675
1336	40.5384773	-3.4715472
1337	40.538365	-3.4714783
1338	40.5384987	-3.4723853
1339	40.5385957	-3.4720103
1340	40.5385285	-3.471331
1341	40.5385953	-3.4709476
1342	40.538653	-3.4709513
1343	40.538607	-3.4725334
1344	40.5384674	-3.4728843
1345	40.538617	-3.4718434
1346	40.5386124	-3.4717132
1347	40.53058	-3.4818612
1348	40.5387235	-3.4709335
1349	40.5387046	-3.471825
1350	40.5387947	-3.4708903
1351	40.5388622	-3.4708678
1352	40.5388706	-3.4720272
1353	40.5387618	-3.4721802
1354	40.5392188	-3.4705993
1355	40.5394968	-3.4698848
1356	40.5392411	-3.4709179
1357	40.5392107	-3.4717563
1358	40.5394052	-3.4712402
1359	40.5403358	-3.4715566
1360	40.5405094	-3.4716474
1361	40.5303106	-3.481969
1362	40.5406697	-3.4717323
1363	40.5405598	-3.4721679
1364	40.5391683	-3.4718771
1365	40.5409769	-3.471911
1366	40.5408501	-3.4722148
1367	40.5424965	-3.4724921
1368	40.5414133	-3.4720839
1369	40.5413399	-3.4723226
1370	40.5411038	-3.4722627
1371	40.541721	-3.4721867
1372	40.5417214	-3.4724179
1373	40.54154	-3.472382
1374	40.5303608	-3.4818792
1375	40.5418667	-3.4724254
1376	40.542032	-3.4724386
1377	40.5426414	-3.4726064
1378	40.5421806	-3.472469
1379	40.5469072	-3.4740126
1380	40.5475365	-3.4742809
1381	40.5482449	-3.4746481
1382	40.548973	-3.4750877
1383	40.5496368	-3.4755649
1384	40.5502871	-3.4760989
1385	40.5508904	-3.4766598
1386	40.5514843	-3.4772805
1387	40.5524104	-3.4784522
1388	40.5528436	-3.4790768
1389	40.5533848	-3.4799708
1390	40.5537305	-3.480596
1391	40.5539632	-3.4810564
1392	40.554184	-3.4815307
1393	40.5302371	-3.4817037
1394	40.5545522	-3.4823984
1395	40.5547752	-3.4830344
1396	40.5549774	-3.4836568
1397	40.5551612	-3.4842849
1398	40.5553217	-3.4849132
1399	40.5555002	-3.4857229
1400	40.5556512	-3.4865423
1401	40.5557922	-3.4876332
1402	40.521629	-3.478864
1403	40.5225545	-3.4784136
1404	40.5226736	-3.4783944
1405	40.5230824	-3.4783957
1406	40.5238894	-3.4785197
1407	40.5241332	-3.4785513
1408	40.5301798	-3.4815481
1409	40.5251003	-3.4784353
1410	40.5254496	-3.4783136
1411	40.5258553	-3.4780842
1412	40.5260686	-3.4779301
1413	40.5273408	-3.4769269
1414	40.5278033	-3.4766334
1415	40.5282433	-3.4764136
1416	40.5289518	-3.4761577
1417	40.5320295	-3.4756259
1418	40.532468	-3.47543
1419	40.5344975	-3.4741605
1420	40.5346903	-3.4741011
1421	40.5353232	-3.4740265
1422	40.5376475	-3.4742074
1423	40.5870683	-3.5503155
1424	40.5875951	-3.5477577
1425	40.587102	-3.5505737
1426	40.5302139	-3.4815376
1427	40.5879381	-3.545811
1428	40.5881069	-3.5429547
1429	40.588182	-3.5428453
1430	40.588121	-3.5433456
1431	40.5880813	-3.5432394
1432	40.5882286	-3.5434624
1433	40.5881631	-3.5434066
1434	40.5883468	-3.5427765
1435	40.5884355	-3.5427979
1436	40.5884585	-3.5423731
1437	40.5884978	-3.5421565
1438	40.5884964	-3.5434328
1439	40.5884202	-3.5434804
1440	40.5885299	-3.5424111
1441	40.5885142	-3.5426093
1442	40.5886153	-3.5431508
1443	40.5886001	-3.5432551
1444	40.5892709	-3.5599074
1445	40.5893372	-3.5598455
1446	40.5307145	-3.4818598
1447	40.5306866	-3.4818548
1448	40.5461464	-3.4934708
1449	40.5462671	-3.493566
1450	40.5463494	-3.4936136
1451	40.5509035	-3.4949893
1452	40.5509995	-3.4950301
1453	40.5512302	-3.4951945
1454	40.5513865	-3.4954032
1455	40.5516111	-3.4957475
1456	40.5517173	-3.4958693
1457	40.551912	-3.496033
1458	40.5519882	-3.4960782
1459	40.5522035	-3.4961543
1460	40.5191558	-3.4107612
1461	40.5193382	-3.412221
1462	40.51938	-3.4125922
1463	40.519487	-3.4129822
1464	40.5309105	-3.4818949
1465	40.5308189	-3.4818785
1466	40.519914	-3.4152199
1467	40.5199747	-3.4151626
1468	40.5199407	-3.4151754
1469	40.5201513	-3.4155942
1470	40.52008	-3.4153537
1471	40.5200306	-3.4154536
1472	40.5202463	-3.4155845
1473	40.5204145	-3.4160199
1474	40.520683	-3.4101679
1475	40.5207942	-3.4102073
1476	40.5332841	-3.4836434
1477	40.5207586	-3.4102598
1478	40.5347168	-3.4842912
1479	40.5228937	-3.4137204
1480	40.52334	-3.414275
1481	40.5242641	-3.4158967
1482	40.5244315	-3.4163017
1483	40.524677	-3.4170017
1484	40.5248766	-3.4177089
1485	40.5251302	-3.417225
1486	40.5252414	-3.4175354
1487	40.5254362	-3.4203785
1488	40.5255025	-3.4203523
1489	40.5257518	-3.4210376
1490	40.5257077	-3.4210637
1491	40.5258435	-3.4201626
1492	40.5356718	-3.4846035
1493	40.5258756	-3.4213783
1494	40.5852269	-3.5602301
1495	40.5851985	-3.5603145
1496	40.5466266	-3.5499957
1497	40.5466955	-3.5500325
1498	40.5854065	-3.5599544
1499	40.5853721	-3.5599814
1500	40.5855268	-3.5599005
1501	40.5831328	-3.5595197
1502	40.5851559	-3.5603827
1503	40.5851538	-3.5604245
1504	40.5631289	-3.5541917
1505	40.5629949	-3.5549009
1506	40.5767953	-3.5587081
1507	40.5772586	-3.5588073
1508	40.5852861	-3.5600905
1509	40.5852472	-3.5601731
1510	40.565895	-3.5079511
1511	40.5660231	-3.5079746
1512	40.5632579	-3.5080893
1513	40.5623215	-3.509563
1514	40.5625691	-3.5090702
1515	40.5626232	-3.5089637
1516	40.5667887	-3.5072885
1517	40.5668867	-3.5072318
1518	40.5661605	-3.5079238
1519	40.5631258	-3.4981683
1520	40.5631173	-3.4981902
1521	40.5631643	-3.4982104
1522	40.5629356	-3.4981147
1523	40.5629425	-3.4980541
1524	40.5629476	-3.4980295
1525	40.5629446	-3.4981602
1526	40.5631307	-3.4980453
1527	40.5631404	-3.4980906
1528	40.5630901	-3.4982207
1529	40.5631377	-3.4981375
1530	40.5629892	-3.4979849
1531	40.5630231	-3.4979701
1532	40.5630804	-3.4979806
1533	40.5631099	-3.4980072
1534	40.5843049	-3.5632247
1535	40.5369725	-3.4851418
1536	40.5630567	-3.4982371
1537	40.563021	-3.4982374
1538	40.5629939	-3.4982262
1539	40.5629648	-3.4981989
1540	40.5630588	-3.4979714
1541	40.5305671	-3.4812643
1542	40.5649496	-3.4973691
1543	40.5649422	-3.4975944
1544	40.5649122	-3.4983829
1545	40.5649998	-3.4990363
1546	40.5651363	-3.4995969
1547	40.5653204	-3.5002325
1548	40.565766	-3.5012775
1549	40.5657481	-3.5011223
1550	40.5657948	-3.501223
1551	40.5660552	-3.5015947
1552	40.5660019	-3.501633
1553	40.5660927	-3.5015442
1554	40.5659422	-3.5016476
1555	40.5659319	-3.5011401
1556	40.5659852	-3.5011479
1557	40.5654663	-3.5005335
1558	40.5655311	-3.5006659
1559	40.5657496	-3.5014519
1560	40.5657446	-3.5013858
1561	40.5657528	-3.5013202
1562	40.5656906	-3.5013648
1563	40.565656	-3.500824
1564	40.5657675	-3.501514
1565	40.5658507	-3.5016206
1566	40.5658221	-3.5015974
1567	40.5657922	-3.5009859
1568	40.5658453	-3.5010875
1569	40.5656246	-3.5009502
1570	40.5655198	-3.5007947
1571	40.5658333	-3.5011801
1572	40.565879	-3.5011519
1573	40.5658819	-3.501637
1574	40.5390438	-3.4868839
1575	40.5661262	-3.5013425
1576	40.5662646	-3.5015183
1577	40.5661296	-3.501413
1578	40.5661182	-3.501482
1579	40.565797	-3.5015679
1580	40.5657748	-3.5015716
1581	40.5660348	-3.5011748
1582	40.5660769	-3.5012186
1583	40.539653	-3.4874026
1584	40.5651139	-3.5013915
1585	40.5652349	-3.5014741
1586	40.56466	-3.4962797
1587	40.5648558	-3.4967943
1588	40.5648891	-3.5010064
1589	40.5649482	-3.5011529
1590	40.5619552	-3.4967043
1591	40.562115	-3.4969544
1592	40.5624888	-3.497517
1593	40.5610612	-3.5120825
1594	40.5619964	-3.5102129
1595	40.5622564	-3.5096931
1596	40.5680627	-3.5024375
1597	40.5681035	-3.5025118
1598	40.540375	-3.4880072
1599	40.5687432	-3.5032543
1600	40.5687765	-3.5032609
1601	40.5683717	-3.5029888
1602	40.5684504	-3.5030809
1603	40.5716939	-3.504157
1604	40.5717723	-3.5044297
1605	40.5714599	-3.5038645
1606	40.5715828	-3.5039694
1607	40.5716918	-3.5055546
1608	40.5715746	-3.5058796
1609	40.5717374	-3.5082222
1610	40.5719113	-3.5084864
1611	40.5714878	-3.5061787
1612	40.5714233	-3.5064948
1613	40.5713969	-3.5068554
1614	40.5714183	-3.5072047
1615	40.5714851	-3.5075844
1616	40.5715832	-3.5079049
1617	40.5481304	-3.5450013
1618	40.5482098	-3.5448609
1619	40.5476225	-3.5475013
1620	40.5480359	-3.5453166
1621	40.554035	-3.5251425
1622	40.5541261	-3.5250318
1623	40.5469782	-3.5494188
1624	40.5468056	-3.5498249
1625	40.5471673	-3.5490017
1626	40.555829	-3.5225884
1627	40.5560546	-3.522174
1628	40.5516034	-3.5297466
1629	40.5516621	-3.5295218
1630	40.5506143	-3.5397554
1631	40.5506495	-3.5396345
1632	40.557047	-3.5202471
1633	40.5574711	-3.5193768
1634	40.5489279	-3.5439185
1635	40.5526987	-3.5265139
1636	40.5527884	-3.5263817
1637	40.5514724	-3.5309866
1638	40.5515573	-3.5300212
1639	40.5467131	-3.5498365
1640	40.546778	-3.5499064
1641	40.5467654	-3.5500999
1642	40.5425927	-3.4899041
1643	40.546767	-3.549945
1644	40.5467602	-3.5500266
1645	40.5550465	-3.4811367
1646	40.5551097	-3.481196
1647	40.5465806	-3.4654466
1648	40.5468149	-3.4658175
1649	40.5652496	-3.4877813
1650	40.5652663	-3.4878867
1651	40.5645214	-3.4861888
1652	40.56458	-3.4863662
1653	40.5519035	-3.4746872
1654	40.5519521	-3.4747449
1655	40.5637929	-3.4932821
1656	40.563762	-3.4933658
1657	40.5643219	-3.4916848
1658	40.5643186	-3.49187
1659	40.5638173	-3.4939839
1660	40.563933	-3.4943782
1661	40.5539907	-3.4773107
1662	40.5542351	-3.4779525
1663	40.5433338	-3.4905367
1664	40.5518041	-3.4745342
1665	40.5615694	-3.481078
1666	40.5616336	-3.4810958
1667	40.565075	-3.4872524
1668	40.5651695	-3.4874876
1669	40.5536148	-3.476476
1670	40.553701	-3.4766285
1671	40.5543889	-3.4784983
1672	40.5647403	-3.4902875
1673	40.564677	-3.4904857
1674	40.5688992	-3.5032851
1675	40.5269044	-3.4211714
1676	40.5266575	-3.4210699
1677	40.5261877	-3.4206445
1678	40.5262087	-3.420748
1679	40.5264828	-3.4210169
1680	40.526307	-3.4209845
1681	40.5849784	-3.5601197
1682	40.544018	-3.4911229
1683	40.5286479	-3.422245
1684	40.5285264	-3.4222001
1685	40.5307064	-3.4232571
1686	40.5305279	-3.4229924
1687	40.5300097	-3.422615
1688	40.5297921	-3.4225436
1689	40.5303286	-3.4227926
1690	40.5301548	-3.4226829
1691	40.5385706	-3.4419931
1692	40.5387243	-3.4424249
1693	40.539879	-3.4459405
1694	40.5398173	-3.445662
1695	40.5381786	-3.4400228
1696	40.5379009	-3.4381797
1697	40.5389697	-3.442948
1698	40.5415786	-3.4537147
1699	40.5415233	-3.4536425
1700	40.5414162	-3.4532153
1701	40.5414081	-3.4530999
1702	40.5447031	-3.4917227
1703	40.5416786	-3.4538048
1704	40.5415068	-3.4531914
1705	40.5415567	-3.4532579
1706	40.5414328	-3.4530576
1707	40.5416982	-3.4539438
1708	40.5416364	-3.4538321
1709	40.5413535	-3.452864
1710	40.541588	-3.4532667
1711	40.5416172	-3.4532842
1712	40.5430108	-3.4583201
1713	40.5430439	-3.4582708
1714	40.5429973	-3.4579667
1715	40.5427079	-3.4570905
1716	40.5448454	-3.4633114
1717	40.5452228	-3.4637843
1718	40.5452605	-3.4638316
1719	40.5456636	-3.4643248
1720	40.5451169	-3.4921958
1721	40.5427843	-3.4599108
1722	40.5426551	-3.4602972
1723	40.5426284	-3.46037
1724	40.5424989	-3.4607738
1725	40.54461	-3.4629461
1726	40.5446673	-3.4630629
1727	40.5448045	-3.4546238
1728	40.5448421	-3.454551
1729	40.5446553	-3.4548991
1730	40.544735	-3.454752
1731	40.5397629	-3.4690743
1732	40.5399832	-3.468403
1733	40.5670683	-3.5019081
1734	40.5671242	-3.5019259
1735	40.5179078	-3.505089
1736	40.5176522	-3.5051533
1737	40.5190018	-3.5048352
1738	40.5188038	-3.5048273
1739	40.5863376	-3.4159799
1740	40.5878196	-3.4157348
1741	40.5456007	-3.4928145
1742	40.5668207	-3.4336043
1743	40.5675945	-3.4327558
1744	40.5288801	-3.5451598
1745	40.5287823	-3.5452647
1746	40.5276442	-3.5453239
1747	40.5279867	-3.5453011
1748	40.5273149	-3.5453482
1749	40.5260625	-3.5454416
1750	40.5261682	-3.5454315
1751	40.525446	-3.5454834
1752	40.5227901	-3.5456674
1753	40.5238105	-3.5455986
1754	40.5460214	-3.4933454
1755	40.5216235	-3.5457542
1756	40.5219644	-3.5457276
1757	40.5210306	-3.545793
1758	40.5213972	-3.5457678
1759	40.5207661	-3.5458123
1760	40.520605	-3.5458285
1761	40.5202435	-3.5456844
1762	40.5196828	-3.5458596
1763	40.5195552	-3.5458977
1764	40.5175803	-3.5460421
1765	40.57291	-3.5103763
1766	40.5731243	-3.5101994
1767	40.5731657	-3.5092696
1768	40.5733204	-3.5093451
1769	40.5811237	-3.5077868
1770	40.5814554	-3.507714
1771	40.5177071	-3.5032262
1772	40.5171557	-3.5027727
1773	40.5438425	-3.5472801
1774	40.5437903	-3.5467074
1775	40.5427384	-3.539245
1776	40.5427228	-3.5395293
1777	40.5463559	-3.5500314
1778	40.5437416	-3.5462651
1779	40.5464376	-3.4936586
1780	40.546658	-3.4937362
1781	40.5433751	-3.5423434
1782	40.5433962	-3.5386431
1783	40.5433255	-3.5385988
1784	40.5458513	-3.5498944
1785	40.543089	-3.5410411
1786	40.5431597	-3.5413606
1787	40.5434346	-3.5385698
1788	40.5434879	-3.5386608
1789	40.5409532	-3.5343164
1790	40.541139	-3.5347699
1791	40.5405413	-3.5340178
1792	40.5397658	-3.5323125
1793	40.5477061	-3.494077
1794	40.5391066	-3.531031
1795	40.5388265	-3.5305364
1796	40.5178862	-3.499023
1797	40.5174292	-3.4995754
1798	40.5187698	-3.4969347
1799	40.5199253	-3.5053003
1800	40.5189709	-3.4969649
1801	40.5178211	-3.4989259
1802	40.5185157	-3.4982192
1803	40.5489453	-3.4944794
1804	40.5188665	-3.4976874
1805	40.5190583	-3.4969846
1806	40.5189174	-3.4970928
1807	40.5427388	-3.562032
1808	40.5430742	-3.5604612
1809	40.5430472	-3.5620992
1810	40.5434997	-3.5586064
1811	40.5232898	-3.5087018
1812	40.543494	-3.560007
1813	40.5432162	-3.5621283
1814	40.5354969	-3.5255532
1815	40.5344691	-3.5242965
1816	40.5501192	-3.4947712
1817	40.5429082	-3.564496
1818	40.5435718	-3.5600084
1819	40.5420395	-3.5369821
1820	40.5421319	-3.5371714
1821	40.5728975	-3.509548
1822	40.5728708	-3.5094434
1823	40.5729932	-3.5096631
1824	40.5729804	-3.5095702
1825	40.5731332	-3.5092912
1826	40.5730426	-3.5097875
1827	40.5755938	-3.5092351
1828	40.5762532	-3.5090701
1829	40.5848937	-3.5601293
1830	40.5847815	-3.5601064
1831	40.5506669	-3.4949142
1832	40.5798394	-3.5081345
1833	40.5804517	-3.5079711
1834	40.5302113	-3.4817714
1835	40.5376947	-3.4364533
1836	40.5373858	-3.4350471
1837	40.5377881	-3.4370792
1838	40.537844	-3.4371981
1839	40.5379215	-3.4372792
1840	40.5378541	-3.4374093
1841	40.5378915	-3.4381126
1842	40.5378288	-3.437697
1843	40.5379072	-3.4379246
1844	40.5378832	-3.4376108
1845	40.5380596	-3.4373053
1846	40.5379473	-3.4373999
1847	40.5170631	-3.5050036
1848	40.517284	-3.50504
1849	40.551091	-3.4950797
1850	40.5511629	-3.4951341
1851	40.530563	-3.425785
1852	40.5309365	-3.4261663
1853	40.5312624	-3.4265575
1854	40.5311957	-3.4241522
1855	40.5309051	-3.4236178
1856	40.5518135	-3.4959541
1857	40.5846706	-3.5559331
1858	40.5849365	-3.5581133
1859	40.5670508	-3.5184616
1860	40.5678419	-3.5191022
1861	40.5679828	-3.5192289
1862	40.5268965	-3.4772614
1863	40.5520848	-3.4961205
1864	40.5428899	-3.4726239
1865	40.5434371	-3.4728082
1866	40.5438212	-3.4729348
1867	40.5443901	-3.473137
1868	40.5454283	-3.4734806
1869	40.5594311	-3.5156341
1870	40.5590093	-3.5152146
1871	40.5628864	-3.5168911
1872	40.5633408	-3.5169643
1873	40.568515	-3.5156745
1874	40.5685956	-3.515516
1875	40.5687176	-3.5150452
1876	40.5688399	-3.5146035
1877	40.5726357	-3.5090923
1878	40.5725695	-3.5090317
1879	40.5729103	-3.5091665
1880	40.5263094	-3.420657
1881	40.5266388	-3.4208977
1882	40.5273167	-3.4213931
1883	40.5364275	-3.4333475
1884	40.5436223	-3.559287
1885	40.5439702	-3.5564078
1886	40.5189815	-3.4970245
1887	40.5191593	-3.4976888
1888	40.5530812	-3.4958365
1889	40.5419567	-3.4628399
1890	40.5418818	-3.4631841
1891	40.5418412	-3.4632111
1892	40.5416105	-3.4631338
1893	40.5397278	-3.4448938
1894	40.5398507	-3.4456526
1895	40.5420518	-3.4550312
1896	40.5418197	-3.4543079
1897	40.5429874	-3.458389
1898	40.5430315	-3.4580807
1899	40.5430264	-3.4586013
1900	40.5430901	-3.4589774
1901	40.5430378	-3.4591383
1902	40.5431329	-3.4588578
1903	40.5431388	-3.4582173
1904	40.5431582	-3.4587872
1905	40.5431884	-3.4588408
1906	40.543241	-3.4588408
1907	40.5432643	-3.4586312
1908	40.543212	-3.4586673
1909	40.5530984	-3.4962142
1910	40.5432978	-3.4588722
1911	40.5433413	-3.4589766
1912	40.5433842	-3.4580955
1913	40.5434192	-3.4579842
1914	40.5502699	-3.4438911
1915	40.5503725	-3.4437742
1916	40.5510474	-3.4430821
1917	40.5518267	-3.4422742
1918	40.5823581	-3.4166613
1919	40.5825068	-3.4165823
1920	40.5826609	-3.4165213
1921	40.5829659	-3.4164353
1922	40.588086	-3.4156559
1923	40.5882016	-3.4155883
1924	40.5267422	-3.5453889
1925	40.5269734	-3.5453698
1926	40.5846962	-3.5600631
1927	40.5846431	-3.5600282
1928	40.5286301	-3.5452511
1929	40.5544347	-3.4950704
1930	40.5543809	-3.4952955
1931	40.5543292	-3.4955689
1932	40.5539546	-3.4958709
1933	40.5538584	-3.4958599
1934	40.5541925	-3.4977642
1935	40.554232	-3.498258
1936	40.554148	-3.4966432
1937	40.5541631	-3.4963504
1938	40.5529001	-3.4963432
1939	40.5541706	-3.4962254
1940	40.5541683	-3.4961361
1941	40.5541659	-3.4960414
1942	40.5541585	-3.4958234
1943	40.5541593	-3.4956965
1944	40.5541875	-3.4967846
1945	40.5541798	-3.4970433
1946	40.5542022	-3.4965779
1947	40.5542633	-3.4960001
1948	40.5542344	-3.4962502
1949	40.5542847	-3.4958556
1950	40.5543082	-3.4960147
1951	40.5542802	-3.4962032
1952	40.55424	-3.4966137
1953	40.5527595	-3.4962706
1954	40.5542166	-3.4964117
1955	40.5543282	-3.4958653
1956	40.5542584	-3.4964121
1957	40.5545296	-3.4949391
1958	40.5544845	-3.4950786
1959	40.5546663	-3.4946973
1960	40.5545916	-3.4948076
1961	40.5549567	-3.494517
1962	40.5548585	-3.4945537
1963	40.555595	-3.4950972
1964	40.5555542	-3.4949473
1965	40.5553645	-3.4961176
1966	40.5554139	-3.4960603
1967	40.5557139	-3.4964971
1968	40.5553755	-3.496519
1969	40.5553349	-3.4964441
1970	40.5542151	-3.4946874
1971	40.5541764	-3.4945937
1972	40.5541177	-3.4944939
1973	40.5540451	-3.49441
1974	40.5539678	-3.4943403
1975	40.5538972	-3.4942963
1976	40.5538125	-3.494262
1977	40.5537324	-3.4942502
1978	40.5535351	-3.4942901
1979	40.5534488	-3.4943422
1980	40.5533697	-3.4944052
1981	40.553289	-3.4944947
1982	40.5527162	-3.4958734
1983	40.5531723	-3.4947508
1984	40.5530202	-3.495339
1985	40.5530512	-3.4957997
1986	40.5528252	-3.4963224
1987	40.5527442	-3.4958274
1988	40.5529468	-3.4957397
1989	40.5530166	-3.4957704
1990	40.5558813	-3.4892559
1991	40.5558709	-3.4896551
1992	40.5558349	-3.4901811
1993	40.5557989	-3.4904913
1994	40.5555559	-3.4917834
1995	40.5558156	-3.4898786
1996	40.5557715	-3.4903077
1997	40.5576007	-3.4964718
1998	40.5579558	-3.496481
1999	40.519103	-3.5048532
2000	40.519386	-3.5049469
2001	40.5192135	-3.5048787
2002	40.5245252	-3.5110515
2003	40.5234701	-3.5094586
2004	40.5285702	-3.5452549
2005	40.5389455	-3.4444629
2006	40.5391172	-3.444335
2007	40.5392489	-3.4441996
2008	40.5392745	-3.4440306
2009	40.5393185	-3.4441673
2010	40.5392866	-3.4439156
2011	40.5392826	-3.4438024
2012	40.5392611	-3.443728
2013	40.5392405	-3.4436834
2014	40.5391266	-3.4434361
2015	40.5390508	-3.4432167
2016	40.5393356	-3.4436411
2017	40.5394439	-3.4438898
2018	40.5394925	-3.4442064
2019	40.5394601	-3.4442837
2020	40.5395577	-3.4442972
2021	40.5394705	-3.4441336
2022	40.5394211	-3.4443403
2023	40.5393347	-3.444386
2024	40.5393032	-3.4443524
2025	40.5395476	-3.4441578
2026	40.539063	-3.4431774
2027	40.5554455	-3.4960378
2028	40.5392869	-3.4443213
2029	40.5392718	-3.4442769
2030	40.5393575	-3.4441602
2031	40.5394126	-3.4441708
2032	40.5394349	-3.4441807
2033	40.5387301	-3.442563
2034	40.5396591	-3.4445666
2035	40.5385085	-3.4419179
2036	40.538453	-3.4416192
2037	40.5386193	-3.4422736
2038	40.5391767	-3.4434731
2039	40.539358	-3.4438509
2040	40.5395527	-3.4444053
2041	40.5396803	-3.4449753
2042	40.5395608	-3.4445779
2043	40.5395924	-3.4444413
2044	40.5846502	-3.5601039
2045	40.5396781	-3.4447977
2046	40.5394927	-3.4441134
2047	40.539329	-3.4437032
2048	40.5394765	-3.4440729
2049	40.5395172	-3.4445106
2050	40.5394436	-3.4444454
2051	40.539379	-3.4444193
2052	40.519507	-3.4130552
2053	40.5661082	-3.501276
2054	40.5665048	-3.5017076
2055	40.5440399	-3.5558319
2056	40.5217962	-3.5072994
2057	40.5804988	-3.5079592
2058	40.5655754	-3.5078841
2059	40.5695713	-3.5033544
2060	40.5698638	-3.503412
2061	40.5704375	-3.5034816
2062	40.5708148	-3.5035623
2063	40.565613	-3.5015664
2064	40.5654068	-3.5015184
2065	40.5655879	-3.5014299
2066	40.5632628	-3.4983183
2067	40.5635291	-3.4986402
2068	40.5667751	-3.5018227
2069	40.5668324	-3.5018431
2070	40.5669732	-3.5071766
2071	40.5667246	-3.5073533
2072	40.5719747	-3.5114469
2073	40.5721449	-3.5112735
2074	40.5718207	-3.5114772
2075	40.571992	-3.5112698
2076	40.572473	-3.5108566
2077	40.5727024	-3.5105882
2078	40.5728554	-3.5099723
2079	40.5729027	-3.5099182
2080	40.5727773	-3.5100502
2081	40.5728497	-3.5099
2082	40.5729899	-3.5097556
2083	40.5735255	-3.5097566
2084	40.5735062	-3.5098505
2085	40.5728541	-3.5092687
2086	40.5727563	-3.5091736
2087	40.5679895	-3.5023313
2088	40.5667388	-3.5018075
2089	40.5673261	-3.5019904
2090	40.5681897	-3.5026762
2091	40.5682931	-3.5028803
2092	40.5694055	-3.5033379
2093	40.5695166	-3.5033495
2094	40.5700136	-3.5034323
2095	40.5702738	-3.5034603
2096	40.5637949	-3.4938805
2097	40.5654385	-3.5006216
2098	40.5653434	-3.5003491
2099	40.5414534	-3.4532958
2100	40.541562	-3.4536422
2101	40.5415993	-3.4536287
2102	40.5416486	-3.4533172
2103	40.541672	-3.4533601
2104	40.5416857	-3.4534098
2105	40.5430001	-3.4592572
2106	40.5367645	-3.4765779
2107	40.5714136	-3.5038386
2108	40.5767483	-3.5089286
2109	40.5770942	-3.5088298
2110	40.5371536	-3.4762065
2111	40.5442087	-3.4617405
2112	40.5444576	-3.4625182
2113	40.543978	-3.4610059
2114	40.5440883	-3.46136
2115	40.5733057	-3.5100095
2116	40.573236	-3.5099838
2117	40.573191	-3.5099578
2118	40.5731446	-3.5099255
2119	40.5730998	-3.5098829
2120	40.5729753	-3.5095058
2121	40.5729932	-3.5094367
2122	40.5730261	-3.5093765
2123	40.5730698	-3.5093243
2124	40.5729056	-3.5093621
2125	40.5720808	-3.5086812
2126	40.5723139	-3.508879
2127	40.5545701	-3.4959992
2128	40.5726758	-3.5091608
2129	40.5727725	-3.5092498
2130	40.5728389	-3.5093581
2131	40.5729053	-3.5096534
2132	40.5729635	-3.509824
2133	40.572701	-3.5101754
2134	40.5724942	-3.510503
2135	40.5723262	-3.5107687
2136	40.5851668	-3.560253
2137	40.5721509	-3.5110402
2138	40.5715992	-3.5116989
2139	40.5733595	-3.5100148
2140	40.5717172	-3.5116772
2141	40.5715634	-3.5117981
2142	40.5712246	-3.512008
2143	40.5713569	-3.5119358
2144	40.5706944	-3.5122611
2145	40.5710142	-3.5121123
2146	40.5700895	-3.512609
2147	40.5702112	-3.5125226
2148	40.5543805	-3.4959552
2149	40.5697684	-3.512893
2150	40.5699249	-3.5127421
2151	40.5694454	-3.5132825
2152	40.5695547	-3.51313
2153	40.5693354	-3.5134432
2154	40.5689523	-3.5142553
2155	40.5690586	-3.5139694
2156	40.5691884	-3.5136956
2157	40.5711468	-3.5231656
2158	40.5706202	-3.5223402
2159	40.5700534	-3.521498
2160	40.5702373	-3.5215774
2161	40.5703778	-3.521813
2162	40.5540759	-3.495889
2163	40.5700727	-3.5214349
2164	40.5704919	-3.5220487
2165	40.5700902	-3.5213657
2166	40.5697929	-3.5210583
2167	40.5693776	-3.5207484
2168	40.5692405	-3.5206567
2169	40.5687601	-3.5204751
2170	40.5685914	-3.5204508
2171	40.5684267	-3.5204453
2172	40.5681947	-3.5204533
2173	40.569329	-3.520271
2174	40.5696813	-3.5207722
2175	40.5690138	-3.5198887
2176	40.5691466	-3.5200341
2177	40.5686381	-3.519459
2178	40.5683998	-3.5190494
2179	40.5683501	-3.5189283
2180	40.5682203	-3.5184741
2181	40.5682726	-3.5186953
2182	40.5639891	-3.5170264
2183	40.5644917	-3.5172206
2184	40.5533114	-3.4959429
2185	40.5658603	-3.5177601
2186	40.5667199	-3.5182448
2187	40.5676726	-3.5173924
2188	40.5680567	-3.516921
2189	40.5682397	-3.5167381
2190	40.5680546	-3.5173795
2191	40.5684119	-3.5161608
2192	40.5685301	-3.5157344
2193	40.5696667	-3.5129987
2194	40.570433	-3.5123916
2195	40.5683136	-3.5170131
2196	40.5682153	-3.5174713
2197	40.5683922	-3.5166289
2198	40.5684746	-3.5162403
2199	40.5685161	-3.5160249
2200	40.5685585	-3.5158304
2201	40.5686108	-3.5155846
2202	40.5674056	-3.5197222
2203	40.5674018	-3.5198345
2204	40.5883127	-3.5077998
2205	40.5889905	-3.5076494
2206	40.5674507	-3.5201008
2207	40.5674923	-3.520182
2208	40.5675446	-3.5202664
2209	40.5676042	-3.5203254
2210	40.5682467	-3.5196072
2211	40.5681995	-3.5195038
2212	40.5681462	-3.5194218
2213	40.5666076	-3.5074716
2214	40.5889555	-3.5598769
2215	40.5890183	-3.5598212
2216	40.5891854	-3.5598299
2217	40.5880063	-3.5078427
2218	40.5881369	-3.5078298
2219	40.589309	-3.5596696
2220	40.589487	-3.5596841
2221	40.5893977	-3.5597369
2222	40.5897387	-3.5597299
2223	40.5429105	-3.5413488
2224	40.542529	-3.5397343
2225	40.5432605	-3.5418063
2226	40.5429455	-3.540413
2227	40.5876703	-3.5078037
2228	40.5878312	-3.5078357
2229	40.5427514	-3.538977
2230	40.5427398	-3.5390677
2231	40.542779	-3.5388777
2232	40.5428675	-3.5387153
2233	40.5428239	-3.5387784
2234	40.5429317	-3.538649
2235	40.5430665	-3.5385753
2236	40.5429874	-3.5386077
2237	40.5431395	-3.5385625
2238	40.5432711	-3.5385753
2239	40.5432108	-3.538563
2240	40.5435414	-3.5404622
2241	40.5436158	-3.540291
2242	40.5873568	-3.5076913
2243	40.587507	-3.5077585
2244	40.5436616	-3.540148
2245	40.5437066	-3.5399662
2246	40.5437298	-3.5397506
2247	40.5437264	-3.5395372
2248	40.5437119	-3.5393595
2249	40.5436747	-3.5391794
2250	40.5436129	-3.5389599
2251	40.5429	-3.5380838
2252	40.5422237	-3.5373402
2253	40.5851347	-3.560845
2254	40.5870873	-3.5075509
2255	40.562791	-3.5086334
2256	40.562959	-3.5082977
2257	40.5193047	-3.4970718
2258	40.5193914	-3.4973224
2259	40.5193823	-3.4971045
2260	40.5844511	-3.5595458
2261	40.5846033	-3.5606684
2262	40.5846064	-3.5606222
2263	40.5885115	-3.5427648
2264	40.5885206	-3.5428635
2265	40.5883153	-3.5436989
2266	40.5882897	-3.5438099
2267	40.5882144	-3.5436902
2268	40.588196	-3.5435286
2269	40.5866636	-3.5072934
2270	40.5348969	-3.4740508
2271	40.5351081	-3.4740301
2272	40.5318733	-3.4800616
2273	40.5319901	-3.4799266
2274	40.5734748	-3.5099334
2275	40.5745703	-3.5094414
2276	40.5748846	-3.5093978
2277	40.5736747	-3.5098218
2278	40.574103	-3.5096134
2279	40.5746692	-3.5095313
2280	40.5746025	-3.509552
2281	40.5742575	-3.509659
2282	40.5742215	-3.5096726
2283	40.5739853	-3.509762
2284	40.5734953	-3.5100084
2285	40.5731516	-3.5102638
2286	40.5728073	-3.5106046
2287	40.5864106	-3.5071685
2288	40.572699	-3.5107118
2289	40.5724506	-3.5109873
2290	40.572255	-3.5111911
2291	40.5739325	-3.5097531
2292	40.5737028	-3.5098561
2293	40.5734902	-3.5099659
2294	40.5734786	-3.5099739
2295	40.5734289	-3.5100084
2296	40.5733336	-3.5100846
2297	40.5861	-3.5070819
2298	40.5862493	-3.5071127
2299	40.573172	-3.5101966
2300	40.5730121	-3.5103422
2301	40.574252	-3.5095145
2302	40.5754143	-3.5092835
2303	40.58237	-3.5075494
2304	40.5833783	-3.507405
2305	40.5858032	-3.5070702
2306	40.5859552	-3.5070635
2307	40.5822896	-3.5075602
2308	40.5796489	-3.5081725
2309	40.5807192	-3.5079014
2310	40.5806536	-3.50792
2311	40.519672	-3.5050265
2312	40.5191312	-3.5044868
2313	40.5422647	-3.5398565
2314	40.5424557	-3.5412582
2315	40.5424294	-3.5416232
2316	40.5853783	-3.5071154
2317	40.5855902	-3.5070897
2318	40.5436303	-3.5459274
2319	40.5395363	-3.5462182
2320	40.5397427	-3.5462193
2321	40.539934	-3.5461683
2322	40.5401211	-3.5460815
2323	40.540282	-3.5459574
2324	40.5404196	-3.545816
2325	40.5843366	-3.5072762
2326	40.54052	-3.5476756
2327	40.5403319	-3.5475061
2328	40.5422574	-3.5490613
2329	40.5424592	-3.54923
2330	40.5426753	-3.5493606
2331	40.5429391	-3.5496659
2332	40.5423435	-3.549211
2333	40.542477	-3.5493128
2334	40.5425893	-3.5493859
2335	40.5433515	-3.5497932
2336	40.5437192	-3.5497423
2337	40.5431883	-3.5497657
2338	40.5430156	-3.5496523
2339	40.54324	-3.549655
2340	40.5822709	-3.5075635
2341	40.5437708	-3.565133
2342	40.5439155	-3.5657464
2343	40.5422738	-3.5646807
2344	40.5423242	-3.5641793
2345	40.542239	-3.565744
2346	40.542238	-3.5651848
2347	40.5423001	-3.5667661
2348	40.5422539	-3.5661726
2349	40.5433859	-3.5588098
2350	40.543428	-3.5585866
2351	40.5819051	-3.5076196
2352	40.5853418	-3.5600141
2353	40.5854842	-3.5599149
2354	40.5196658	-3.4965043
2355	40.5206727	-3.4957134
2356	40.5209298	-3.4955667
2357	40.5211438	-3.4954744
2358	40.5214045	-3.4953907
2359	40.5850716	-3.5616168
2360	40.5221409	-3.4951757
2361	40.5223865	-3.4950829
2362	40.5227248	-3.4949307
2363	40.5233918	-3.4946117
2364	40.52413	-3.4942606
2365	40.5243227	-3.4941539
2366	40.5244807	-3.4940459
2367	40.5249601	-3.4935175
2368	40.5259441	-3.4919958
2369	40.5265827	-3.4915753
2370	40.5272458	-3.4914419
2371	40.527892	-3.4915526
2372	40.5282361	-3.4916886
2373	40.5288882	-3.4919415
2374	40.5291449	-3.4920251
2375	40.5300059	-3.4917721
2376	40.5303385	-3.4912578
2377	40.5305584	-3.4890764
2378	40.563196	-3.5542217
2379	40.5795258	-3.5082032
2380	40.5627642	-3.5543961
2381	40.5626786	-3.5544119
2382	40.5622558	-3.55447
2383	40.562652	-3.5546079
2384	40.5784176	-3.508495
2385	40.5399875	-3.5471193
2386	40.539126	-3.5463714
2387	40.5398361	-3.5469889
2388	40.538856	-3.5461341
2389	40.538563	-3.5458913
2390	40.5383836	-3.5457708
2391	40.5382276	-3.5456043
2392	40.5386147	-3.5458066
2393	40.5382004	-3.545657
2394	40.5389773	-3.5459978
2395	40.5391874	-3.5461111
2396	40.5393505	-3.5461749
2397	40.5379973	-3.5454924
2398	40.5380461	-3.5455769
2399	40.5379042	-3.5455162
2400	40.5377796	-3.5454126
2401	40.5377535	-3.54546
2402	40.5376332	-3.5454219
2403	40.540181	-3.5473501
2404	40.5411979	-3.5482088
2405	40.5406287	-3.5477023
2406	40.534834	-3.5451275
2407	40.5355286	-3.545192
2408	40.5339437	-3.545083
2409	40.5324529	-3.5451276
2410	40.533687	-3.5450921
2411	40.5297651	-3.5452042
2412	40.5312243	-3.5451613
2413	40.5293644	-3.5452362
2414	40.5292702	-3.5452781
2415	40.5294121	-3.545215
2416	40.5248336	-3.5455263
2417	40.5222771	-3.5457067
2418	40.5745115	-3.5094918
2419	40.5203371	-3.5459268
2420	40.5184686	-3.5459786
2421	40.5169492	-3.5460895
2422	40.5172491	-3.5460658
2423	40.5166825	-3.546127
2424	40.5168269	-3.5461027
2425	40.571794	-3.5052732
2426	40.5845759	-3.5599427
2427	40.5844566	-3.5596217
2428	40.5845623	-3.5590579
2429	40.585052	-3.558892
2430	40.5850169	-3.5587729
2431	40.5846353	-3.5603376
2432	40.5844159	-3.5594315
2433	40.585356	-3.5592405
2434	40.5854012	-3.5591044
2435	40.5853779	-3.5591592
2436	40.5855444	-3.5589268
2437	40.5854927	-3.5589891
2438	40.5855925	-3.5588546
2439	40.5856567	-3.558684
2440	40.5856321	-3.5587656
2441	40.5856784	-3.5584971
2442	40.5856699	-3.5586148
2443	40.5856761	-3.5584498
2444	40.5849869	-3.5621969
2445	40.5856743	-3.5580384
2446	40.5857418	-3.5577439
2447	40.5856881	-3.5579533
2448	40.5858091	-3.5573436
2449	40.5858468	-3.5571951
2450	40.5859647	-3.5570648
2451	40.5859152	-3.5572387
2452	40.5858306	-3.5575057
2453	40.5857765	-3.5576441
2454	40.5857429	-3.5575155
2455	40.5855874	-3.5582138
2456	40.5855935	-3.5580251
2457	40.5855972	-3.558501
2458	40.5855927	-3.5583688
2459	40.5853213	-3.5589667
2460	40.5859014	-3.5572872
2461	40.571305	-3.5037784
2462	40.5636205	-3.4987378
2463	40.5638054	-3.4989662
2464	40.5858914	-3.5570191
2465	40.5860393	-3.5561928
2466	40.5860422	-3.5561766
2467	40.587973	-3.5451137
2468	40.5880157	-3.5448725
2469	40.5880481	-3.5446895
2470	40.5880781	-3.5445201
2471	40.5881064	-3.5443603
2472	40.5888268	-3.5409399
2473	40.588768	-3.5411885
2474	40.588891	-3.5406683
2475	40.5887193	-3.5414158
2476	40.5886763	-3.5416169
2477	40.5886464	-3.5417577
2478	40.5886163	-3.5419171
2479	40.5885878	-3.5420711
2480	40.5885681	-3.542178
2481	40.5474835	-3.5481412
2482	40.5475558	-3.5478415
2483	40.5480724	-3.5451748
2484	40.5482842	-3.5447699
2485	40.5486895	-3.5443328
2486	40.5487718	-3.5442286
2487	40.5488357	-3.5441186
2488	40.5506796	-3.5394979
2489	40.5515803	-3.5298741
2490	40.5528901	-3.5262495
2491	40.5526404	-3.5266257
2492	40.5538819	-3.5253183
2493	40.5544977	-3.5245004
2494	40.5633534	-3.5080738
2495	40.5648396	-3.5077338
2496	40.564966	-3.5076809
2497	40.5650713	-3.5076793
2498	40.5718171	-3.5051056
2499	40.5716406	-3.5040573
2500	40.5737242	-3.5094937
2501	40.5718046	-3.5047152
2502	40.5718102	-3.5047644
2503	40.5710137	-3.5036389
2504	40.5711503	-3.5036915
2505	40.5661357	-3.5016139
2506	40.5645763	-3.5000859
2507	40.5646659	-3.5002899
2508	40.5650587	-3.5013371
2509	40.5649966	-3.5012492
2510	40.5643498	-3.4997142
2511	40.564479	-3.4998999
2512	40.5629102	-3.4979936
2513	40.573425	-3.5094523
2514	40.5616146	-3.496175
2515	40.5618355	-3.4965161
2516	40.5603271	-3.4954254
2517	40.5604383	-3.4954519
2518	40.5601467	-3.4954414
2519	40.5602404	-3.4954264
2520	40.559169	-3.4963373
2521	40.5592862	-3.4962289
2522	40.5589531	-3.4964816
2523	40.5590506	-3.4964323
2524	40.5587199	-3.4965433
2525	40.5588453	-3.4965271
2526	40.5558299	-3.4964649
2527	40.5718132	-3.5049355
2528	40.5339535	-3.4669733
2529	40.5342316	-3.4678016
2530	40.5252456	-3.4209161
2531	40.5250811	-3.4208793
2532	40.5249605	-3.4208304
2533	40.5248347	-3.4207557
2534	40.5247196	-3.4206656
2535	40.5246284	-3.4205657
2536	40.5245478	-3.4204594
2537	40.524487	-3.4203622
2538	40.5244364	-3.4202603
2539	40.5243831	-3.4201365
2540	40.5243389	-3.4200073
2541	40.5243065	-3.4198653
2542	40.5242848	-3.4197059
2543	40.524277	-3.4195735
2544	40.5242779	-3.4194329
2545	40.5242906	-3.4192872
2546	40.5243104	-3.4191606
2547	40.5244417	-3.4185559
2548	40.5244855	-3.4183201
2549	40.5245065	-3.4181391
2550	40.5245215	-3.4179466
2551	40.5245259	-3.4177274
2552	40.5245041	-3.4173267
2553	40.5244522	-3.4169865
2554	40.5243652	-3.4166133
2555	40.584846	-3.5629067
2556	40.5300262	-3.4823113
2557	40.5299794	-3.4823936
2558	40.5300055	-3.4822096
2559	40.5301009	-3.4821772
2560	40.5301767	-3.4820843
2561	40.5360923	-3.4770991
2562	40.5363179	-3.4769233
2563	40.5374781	-3.4755294
2564	40.5376686	-3.4749389
2565	40.5374025	-3.4757959
2566	40.5366612	-3.4766545
2567	40.5291918	-3.486517
2568	40.5291949	-3.4864121
2569	40.5292071	-3.4862943
2570	40.5292459	-3.4867882
2571	40.5293774	-3.4870258
2572	40.5292873	-3.4868742
2573	40.5653797	-3.5003264
2574	40.5650484	-3.499265
2575	40.5649001	-3.4982328
2576	40.5649474	-3.4972168
2577	40.564897	-3.4980827
2578	40.5649064	-3.4969468
2579	40.5637395	-3.4935679
2580	40.5637537	-3.4936965
2581	40.5637435	-3.4934599
2582	40.5638449	-3.4931854
2583	40.5642094	-3.492517
2584	40.5641639	-3.4926494
2585	40.5642856	-3.4921354
2586	40.5642425	-3.4923669
2587	40.5643045	-3.4915368
2588	40.5642367	-3.4909742
2589	40.5642173	-3.4910465
2590	40.5643354	-3.4908377
2591	40.564273	-3.4909004
2592	40.5645411	-3.4906908
2593	40.5646383	-3.4905718
2594	40.5645906	-3.4906372
2595	40.5652502	-3.488128
2596	40.5652209	-3.4882654
2597	40.5652672	-3.4879891
2598	40.5646521	-3.4865376
2599	40.5619119	-3.4813509
2600	40.5620708	-3.4816088
2601	40.5616967	-3.4811194
2602	40.5617596	-3.4811665
2603	40.5618158	-3.4812196
2604	40.5614742	-3.4810713
2605	40.5552705	-3.4812446
2606	40.5553391	-3.4812479
2607	40.5551885	-3.4812323
2608	40.5550004	-3.481068
2609	40.5549259	-3.4808708
2610	40.5549544	-3.4809792
2611	40.555501	-3.4812446
2612	40.554715	-3.4797935
2613	40.5547774	-3.4800748
2614	40.5537782	-3.4767888
2615	40.5535467	-3.4763816
2616	40.5520071	-3.4747975
2617	40.5686064	-3.5031986
2618	40.5447348	-3.463173
2619	40.5447901	-3.4632422
2620	40.5445033	-3.4626609
2621	40.5441466	-3.4615366
2622	40.5438707	-3.460674
2623	40.543933	-3.4608587
2624	40.5436396	-3.4599599
2625	40.5436499	-3.4599929
2626	40.5433169	-3.4582298
2627	40.5430589	-3.4581583
2628	40.5685426	-3.5031551
2629	40.5343498	-3.4742118
2630	40.5340745	-3.474348
2631	40.5316301	-3.4757581
2632	40.5293825	-3.4760629
2633	40.5256319	-3.4782099
2634	40.5248178	-3.4785035
2635	40.5246051	-3.4785398
2636	40.5243786	-3.478549
2637	40.522803	-3.4783843
2638	40.5223058	-3.4784766
2639	40.5221057	-3.4785534
2640	40.5217966	-3.4787407
2641	40.5219228	-3.4786529
2642	40.5436588	-3.4572215
2643	40.5424481	-3.4562605
2644	40.5422457	-3.4556165
2645	40.5304318	-3.4228863
2646	40.5284073	-3.4221459
2647	40.5282574	-3.4220565
2648	40.5281098	-3.4219548
2649	40.5423073	-3.4613711
2650	40.5432504	-3.458759
2651	40.5437003	-3.4570893
2652	40.5844547	-3.5621411
2653	40.5846797	-3.5634555
2654	40.5678373	-3.5021821
2655	40.5437885	-3.4568343
2656	40.5439324	-3.4564071
2657	40.5449435	-3.4543445
2658	40.545398	-3.4534172
2659	40.5499958	-3.4443016
2660	40.5500762	-3.444165
2661	40.5501695	-3.4440207
2662	40.5521803	-3.4419374
2663	40.5523277	-3.4418311
2664	40.5576561	-3.4392008
2665	40.5594825	-3.4383076
2666	40.5561275	-3.4399428
2667	40.5677288	-3.5021319
2668	40.5648387	-3.4356635
2669	40.5649584	-3.4355743
2670	40.5650799	-3.4354729
2671	40.5651837	-3.4353785
2672	40.5653464	-3.4352173
2673	40.5684268	-3.4318337
2674	40.5822156	-3.4167618
2675	40.5879549	-3.4157076
2676	40.588313	-3.4155043
2677	40.5674243	-3.502021
2678	40.5253331	-3.4177991
2679	40.5372203	-3.4761315
2680	40.564091	-3.4993424
2681	40.5648183	-3.5007655
2682	40.5845311	-3.5639007
2683	40.5627445	-3.4978342
2684	40.5614979	-3.4960398
2685	40.56116	-3.495799
2686	40.5613319	-3.4959081
2687	40.584358	-3.5643802
2688	40.5606838	-3.4955361
2689	40.5600615	-3.4954744
2690	40.5598489	-3.495629
2691	40.5595078	-3.4959783
2692	40.5585944	-3.496544
2693	40.584208	-3.5648311
2694	40.5569023	-3.496452
2695	40.5567319	-3.4964701
2696	40.5560863	-3.4964444
2697	40.5567287	-3.4964273
2698	40.5424311	-3.5634807
2699	40.5840764	-3.5653057
2700	40.5435755	-3.5577285
2701	40.5438227	-3.555643
2702	40.5439113	-3.5544312
2703	40.5439677	-3.5532112
2704	40.5440202	-3.5517879
2705	40.5440003	-3.5499721
2706	40.5439723	-3.549172
2707	40.5435152	-3.5445342
2708	40.583946	-3.565833
2709	40.5433768	-3.5436632
2710	40.5432403	-3.5428498
2711	40.5429831	-3.5416646
2712	40.542046	-3.5380462
2713	40.5378994	-3.5289047
2714	40.5367977	-3.527266
2715	40.5180807	-3.5035341
2716	40.583857	-3.566308
2717	40.5195714	-3.5050463
2718	40.5259231	-3.5132158
2719	40.5272114	-3.5150627
2720	40.5283249	-3.516571
2721	40.529507	-3.5180568
2722	40.5306045	-3.5194166
2723	40.58378	-3.5668531
2724	40.5203832	-3.4959222
2725	40.5292896	-3.4920486
2726	40.5854013	-3.5589234
2727	40.5295606	-3.4873096
2728	40.5297034	-3.4837564
2729	40.5299449	-3.4825383
2730	40.537675	-3.4743159
2731	40.5377533	-3.4738228
2732	40.5378536	-3.4737491
2733	40.5854993	-3.5588152
2734	40.537881	-3.4746467
2735	40.5845561	-3.5612219
2736	40.5385795	-3.4716494
2737	40.5385353	-3.4714986
2738	40.5389633	-3.4708634
2739	40.5392804	-3.4711438
2740	40.5390681	-3.4718787
2741	40.5390001	-3.4719039
2742	40.539104	-3.4707771
2743	40.5392555	-3.4708032
2744	40.5410111	-3.4652939
2745	40.5431822	-3.4586764
2746	40.5430863	-3.4582358
2747	40.5441597	-3.4558804
2748	40.5443329	-3.4555501
2749	40.5460258	-3.4521713
2750	40.549198	-3.4458895
2751	40.5635202	-3.4363199
2752	40.5732646	-3.4265266
2753	40.5820758	-3.416884
2754	40.5846681	-3.4161965
2755	40.589299	-3.4146472
2756	40.5235588	-3.4146199
2757	40.5239717	-3.4152989
2758	40.5859753	-3.556556
2759	40.5336926	-3.4649566
2760	40.5344166	-3.4682107
2761	40.5462305	-3.4737381
2762	40.5519801	-3.4778663
2763	40.5557842	-3.4909021
2764	40.5554333	-3.4922285
2765	40.5545055	-3.4947972
2766	40.5541775	-3.4974689
2767	40.5543137	-3.4988197
2768	40.556744	-3.5099606
2769	40.5576655	-3.5133221
2770	40.5580307	-3.5139453
2771	40.5411673	-3.4522621
2772	40.5882203	-3.5441889
2773	40.5384018	-3.4413757
2774	40.5330492	-3.427561
2775	40.5861159	-3.5562016
2776	40.5860019	-3.5568339
2777	40.5260878	-3.4204899
2778	40.5255409	-3.4190002
2779	40.5249504	-3.4168337
2780	40.5243436	-3.4157998
2781	40.5240284	-3.4152548
2782	40.5235924	-3.4145708
2783	40.5260715	-3.4209636
2784	40.5258905	-3.4209529
2785	40.525382	-3.420929
2786	40.524127	-3.4159762
2787	40.5238322	-3.4153968
2788	40.5252748	-3.4195142
2789	40.5261967	-3.4208221
2790	40.5261701	-3.420884
2791	40.5261279	-3.4209323
2792	40.5337136	-3.4597727
2793	40.5316991	-3.4271564
2794	40.5187939	-3.4978561
2795	40.5195045	-3.4967354
2796	40.5194064	-3.4969825
2797	40.518848	-3.497373
2798	40.5854415	-3.5590445
2799	40.5193337	-3.4968895
2800	40.51925	-3.4970197
2801	40.5415764	-3.4630616
2802	40.5846417	-3.560257
2803	40.544427	-3.4553619
2804	40.5437314	-3.4570039
2805	40.5440823	-3.4560586
2806	40.5382879	-3.4734042
2807	40.5880719	-3.5430896
2808	40.543357	-3.4590317
2809	40.549163	-3.4699117
2810	40.5529784	-3.4756586
2811	40.5642027	-3.485298
2812	40.5642987	-3.4855158
2813	40.5882601	-3.5427933
2814	40.5642279	-3.4911694
2815	40.5883774	-3.542573
2816	40.5641166	-3.4927574
2817	40.5649295	-3.4970793
2818	40.537742	-3.4712884
2819	40.5363107	-3.4705591
2820	40.5360552	-3.4703821
2821	40.5885648	-3.5429271
2822	40.5357356	-3.4700903
2823	40.5886015	-3.5430219
2824	40.5388424	-3.4719014
2825	40.5885623	-3.5433491
2826	40.5883727	-3.5435597
2827	40.5435276	-3.4596017
2828	40.5174482	-3.5024701
2829	40.5424687	-3.5663571
2830	40.5427437	-3.5644007
2831	40.5883301	-3.5434949
2832	40.5434641	-3.5406137
2833	40.5433054	-3.5408952
2834	40.5422058	-3.5429081
2835	40.556703	-3.5093173
2836	40.5602231	-3.5161415
2837	40.5714021	-3.5119055
2838	40.5734998	-3.5095844
2839	40.5728868	-3.5097849
2840	40.574282	-3.5095583
2841	40.5739897	-3.5095398
2842	40.5706897	-3.5223659
2843	40.5681752	-3.5179141
2844	40.5681865	-3.5182163
2845	40.5885698	-3.5417517
2846	40.5813126	-3.5591882
2847	40.5886855	-3.5411714
2848	40.5478907	-3.5502745
2849	40.5555992	-3.5229576
2850	40.5888447	-3.5405174
2851	40.5638202	-3.5081247
2852	40.5641792	-3.5081617
2853	40.5889827	-3.5400186
2854	40.5589865	-3.5126151
2855	40.5587113	-3.5126679
2856	40.5572205	-3.5116501
2857	40.5567435	-3.5094013
2858	40.5894516	-3.538615
2859	40.5600146	-3.518328
2860	40.5598282	-3.5184259
2861	40.5591089	-3.5180618
2862	40.5896315	-3.5380392
2863	40.5638728	-3.5170562
2864	40.5605764	-3.5161609
2865	40.5598764	-3.5156964
2866	40.5897864	-3.5374587
2867	40.56702	-3.5071344
2868	40.5899509	-3.5367481
2869	40.5675296	-3.5175063
2870	40.542481	-3.4563653
2871	40.5898558	-3.5375117
2872	40.5897	-3.5380739
2873	40.5895174	-3.5386526
2874	40.551172	-3.5345754
2875	40.5537138	-3.525494
2876	40.5890524	-3.5400688
2877	40.5889197	-3.5405465
2878	40.5319482	-3.4826566
2879	40.5175054	-3.4808921
2880	40.5184706	-3.4809047
2881	40.5190552	-3.4808614
2882	40.5193124	-3.480813
2883	40.5195462	-3.4807419
2884	40.5198298	-3.4805867
2885	40.5426372	-3.5664064
2886	40.5555994	-3.4955515
2887	40.5556081	-3.4952755
2888	40.5555104	-3.4948237
2889	40.5553983	-3.4946684
2890	40.5552337	-3.4945529
2891	40.5550874	-3.4945088
2892	40.5547673	-3.4946032
2893	40.5544136	-3.495373
2894	40.5543544	-3.4956773
2895	40.5547715	-3.4939999
2896	40.5530099	-3.4950974
2897	40.5531773	-3.4944434
2898	40.5533053	-3.4940863
2899	40.5534423	-3.4938374
2900	40.5536314	-3.4936228
2901	40.553814	-3.4934941
2902	40.5540683	-3.4933739
2903	40.5544198	-3.4932274
2904	40.5546887	-3.4930783
2905	40.5549039	-3.4928637
2906	40.5550996	-3.4925977
2907	40.5552622	-3.4922382
2908	40.5553792	-3.4918361
2909	40.5554382	-3.4916145
2910	40.5556161	-3.4910904
2911	40.5557228	-3.4906567
2912	40.5442234	-3.5667834
2913	40.5541954	-3.4954517
2914	40.5542552	-3.495139
2915	40.5542617	-3.4949856
2916	40.5536338	-3.4942543
2917	40.5532193	-3.4946221
